sex	age	l	m	s	SD2neg	SD1neg	SD0	SD1	SD2	SD3
1	61	1	110.2647	96.49	101.082	105.673	110.265	114.856	119.448	124.039
1	62	1	110.8006	96.933	101.555	106.178	110.801	115.423	120.046	124.668
1	63	1	111.3338	97.373	102.026	106.68	111.334	115.988	120.641	125.295
1	64	1	111.8636	97.812	102.496	107.18	111.864	116.547	121.231	125.915
1	65	1	112.3895	98.245	102.96	107.675	112.39	117.104	121.819	126.534
1	66	1	112.9110	98.674	103.42	108.165	112.911	117.657	122.402	127.148
1	67	1	113.4280	99.099	103.875	108.652	113.428	118.204	122.981	127.757
1	68	1	113.9410	99.523	104.329	109.135	113.941	118.747	123.553	128.359
1	69	1	114.4500	99.94	104.777	109.613	114.45	119.287	124.123	128.96
1	70	1	114.9547	100.353	105.22	110.088	114.955	119.822	124.689	129.556
1	71	1	115.4549	100.766	105.662	110.558	115.455	120.351	125.248	130.144
1	72	1	115.9509	101.171	106.097	111.024	115.951	120.878	125.804	130.731
1	73	1	116.4432	101.572	106.529	111.486	116.443	121.4	126.357	131.314
1	74	1	116.9325	101.974	106.96	111.946	116.932	121.919	126.905	131.891
1	75	1	117.4196	102.371	107.387	112.403	117.42	122.436	127.452	132.468
1	76	1	117.9046	102.766	107.812	112.858	117.905	122.951	127.997	133.044
1	77	1	118.3880	103.162	108.237	113.313	118.388	123.463	128.539	133.614
1	78	1	118.8700	103.554	108.659	113.765	118.87	123.975	129.081	134.186
1	79	1	119.3508	103.944	109.079	114.215	119.351	124.486	129.622	134.758
1	80	1	119.8303	104.333	109.499	114.664	119.83	124.996	130.162	135.328
1	81	1	120.3085	104.724	109.919	115.114	120.308	125.503	130.698	135.893
1	82	1	120.7853	105.11	110.335	115.56	120.785	126.01	131.236	136.461
1	83	1	121.2604	105.494	110.75	116.005	121.26	126.516	131.771	137.027
1	84	1	121.7338	105.877	111.162	116.448	121.734	127.019	132.305	137.591
1	85	1	122.2053	106.258	111.573	116.889	122.205	127.521	132.837	138.153
1	86	1	122.6750	106.636	111.983	117.329	122.675	128.021	133.367	138.714
1	87	1	123.1429	107.014	112.39	117.766	123.143	128.519	133.896	139.272
1	88	1	123.6092	107.389	112.796	118.203	123.609	129.016	134.423	139.829
1	89	1	124.0736	107.763	113.2	118.637	124.074	129.511	134.947	140.384
1	90	1	124.5361	108.135	113.602	119.069	124.536	130.003	135.47	140.938
1	91	1	124.9964	108.504	114.002	119.499	124.996	130.494	135.991	141.488
1	92	1	125.4545	108.872	114.399	119.927	125.454	130.982	136.51	142.037
1	93	1	125.9104	109.237	114.795	120.353	125.91	131.468	137.026	142.583
1	94	1	126.3640	109.601	115.188	120.776	126.364	131.952	137.54	143.127
1	95	1	126.8156	109.962	115.58	121.198	126.816	132.434	138.051	143.669
1	96	1	127.2651	110.321	115.969	121.617	127.265	132.913	138.561	144.209
1	97	1	127.7129	110.679	116.357	122.035	127.713	133.391	139.069	144.747
1	98	1	128.1590	111.034	116.743	122.451	128.159	133.867	139.575	145.284
1	99	1	128.6034	111.389	117.127	122.865	128.603	134.342	140.08	145.818
1	100	1	129.0466	111.741	117.51	123.278	129.047	134.815	140.583	146.352
1	101	1	129.4887	112.093	117.892	123.69	129.489	135.287	141.086	146.884
1	102	1	129.9300	112.44	118.27	124.1	129.93	135.76	141.59	147.42
1	103	1	130.3705	112.79	118.65	124.51	130.37	136.231	142.091	147.951
1	104	1	130.8103	113.139	119.03	124.92	130.81	136.701	142.591	148.481
1	105	1	131.2495	113.488	119.408	125.329	131.25	137.17	143.091	149.011
1	106	1	131.6884	113.835	119.786	125.737	131.688	137.639	143.59	149.541
1	107	1	132.1269	114.183	120.164	126.146	132.127	138.108	144.09	150.071
1	108	1	132.5652	114.53	120.542	126.553	132.565	138.577	144.589	150.601
1	109	1	133.0031	114.876	120.918	126.961	133.003	139.045	145.088	151.13
1	110	1	133.4404	115.222	121.295	127.368	133.44	139.513	145.586	151.659
1	111	1	133.8770	115.567	121.67	127.774	133.877	139.98	146.084	152.187
1	112	1	134.3130	115.915	122.048	128.18	134.313	140.446	146.578	152.711
1	113	1	134.7483	116.258	122.422	128.585	134.748	140.912	147.075	153.238
1	114	1	135.1829	116.601	122.795	128.989	135.183	141.377	147.571	153.765
1	115	1	135.6168	116.946	123.17	129.393	135.617	141.84	148.064	154.287
1	116	1	136.0501	117.287	123.542	129.796	136.05	142.304	148.559	154.813
1	117	1	136.4829	117.632	123.916	130.199	136.483	142.767	149.05	155.334
1	118	1	136.9153	117.972	124.286	130.601	136.915	143.23	149.544	155.859
1	119	1	137.3474	118.315	124.659	131.003	137.347	143.691	150.036	156.38
1	120	1	137.7795	118.658	125.032	131.406	137.78	144.153	150.527	156.901
1	121	1	138.2119	119.002	125.405	131.809	138.212	144.615	151.019	157.422
1	122	1	138.6452	119.346	125.779	132.212	138.645	145.078	151.511	157.945
1	123	1	139.0797	119.691	126.154	132.617	139.08	145.543	152.006	158.469
1	124	1	139.5158	120.037	126.53	133.023	139.516	146.009	152.502	158.995
1	125	1	139.9540	120.384	126.907	133.431	139.954	146.477	153.001	159.524
1	126	1	140.3948	120.738	127.29	133.843	140.395	146.947	153.499	160.051
1	127	1	140.8387	121.09	127.673	134.256	140.839	147.422	154.004	160.587
1	128	1	141.2859	121.449	128.062	134.674	141.286	147.898	154.51	161.122
1	129	1	141.7368	121.811	128.453	135.095	141.737	148.379	155.02	161.662
1	130	1	142.1916	122.177	128.848	135.52	142.192	148.863	155.535	162.206
1	131	1	142.6501	122.545	129.247	135.948	142.65	149.352	156.054	162.755
1	132	1	143.1126	122.921	129.651	136.382	143.113	149.843	156.574	163.304
1	133	1	143.5795	123.296	130.057	136.818	143.58	150.341	157.102	163.863
1	134	1	144.0511	123.679	130.47	137.261	144.051	150.842	157.632	164.423
1	135	1	144.5276	124.067	130.887	137.707	144.528	151.348	158.168	164.988
1	136	1	145.0093	124.463	131.312	138.161	145.009	151.858	158.707	165.556
1	137	1	145.4964	124.859	131.738	138.617	145.496	152.375	159.255	166.134
1	138	1	145.9891	125.264	132.173	139.081	145.989	152.897	159.806	166.714
1	139	1	146.4878	125.675	132.612	139.55	146.488	153.425	160.363	167.301
1	140	1	146.9927	126.09	133.058	140.025	146.993	153.96	160.928	167.895
1	141	1	147.5041	126.511	133.509	140.507	147.504	154.502	161.499	168.497
1	142	1	148.0224	126.943	133.969	140.996	148.022	155.049	162.076	169.102
1	143	1	148.5478	127.38	134.436	141.492	148.548	155.604	162.66	169.716
1	144	1	149.0807	127.823	134.909	141.995	149.081	156.167	163.252	170.338
1	145	1	149.6212	128.278	135.392	142.507	149.621	156.736	163.85	170.965
1	146	1	150.1694	128.734	135.879	143.024	150.169	157.314	164.46	171.605
1	147	1	150.7256	129.207	136.38	143.553	150.726	157.899	165.072	172.245
1	148	1	151.2899	129.681	136.884	144.087	151.29	158.493	165.696	172.899
1	149	1	151.8623	130.167	137.399	144.631	151.862	159.094	166.326	173.557
1	150	1	152.4425	130.66	137.921	145.182	152.442	159.703	166.964	174.225
1	151	1	153.0298	131.163	138.452	145.741	153.03	160.319	167.607	174.896
1	152	1	153.6234	131.668	138.986	146.305	153.623	160.942	168.261	175.579
1	153	1	154.2223	132.185	139.531	146.877	154.222	161.568	168.914	176.259
1	154	1	154.8258	132.703	140.077	147.451	154.826	162.2	169.575	176.949
1	155	1	155.4329	133.228	140.629	148.031	155.433	162.835	170.236	177.638
1	156	1	156.0426	133.76	141.187	148.615	156.043	163.47	170.898	178.325
1	157	1	156.6539	134.293	141.747	149.2	156.654	164.107	171.561	179.015
1	158	1	157.2660	134.827	142.307	149.786	157.266	164.746	172.225	179.705
1	159	1	157.8775	135.361	142.867	150.372	157.878	165.383	172.888	180.394
1	160	1	158.4871	135.898	143.428	150.957	158.487	166.017	173.547	181.076
1	161	1	159.0937	136.437	143.989	151.542	159.094	166.646	174.198	181.75
1	162	1	159.6962	136.968	144.544	152.12	159.696	167.272	174.848	182.424
1	163	1	160.2939	137.5	145.098	152.696	160.294	167.892	175.49	183.088
1	164	1	160.8861	138.032	145.65	153.268	160.886	168.504	176.122	183.74
1	165	1	161.4720	138.559	146.197	153.834	161.472	169.11	176.747	184.385
1	166	1	162.0505	139.08	146.737	154.394	162.05	169.707	177.364	185.021
1	167	1	162.6207	139.594	147.269	154.945	162.621	170.296	177.972	185.648
1	168	1	163.1816	140.104	147.797	155.489	163.182	170.874	178.566	186.259
1	169	1	163.7321	140.611	148.318	156.025	163.732	171.439	179.146	186.853
1	170	1	164.2717	141.104	148.827	156.549	164.272	171.994	179.717	187.439
1	171	1	164.7994	141.592	149.328	157.064	164.799	172.535	180.271	188.006
1	172	1	165.3145	142.07	149.818	157.566	165.314	173.063	180.811	188.559
1	173	1	165.8165	142.541	150.299	158.058	165.816	173.575	181.334	189.092
1	174	1	166.3050	143.001	150.769	158.537	166.305	174.073	181.841	189.609
1	175	1	166.7799	143.449	151.226	159.003	166.78	174.557	182.334	190.111
1	176	1	167.2415	143.886	151.671	159.456	167.242	175.027	182.812	190.597
1	177	1	167.6899	144.317	152.108	159.899	167.69	175.481	183.272	191.063
1	178	1	168.1255	144.738	152.534	160.33	168.126	175.921	183.717	191.513
1	179	1	168.5482	145.147	152.947	160.748	168.548	176.349	184.149	191.949
1	180	1	168.9580	145.545	153.35	161.154	168.958	176.762	184.566	192.371
1	181	1	169.3549	145.938	153.744	161.549	169.355	177.16	184.966	192.772
1	182	1	169.7389	146.32	154.126	161.933	169.739	177.545	185.351	193.158
1	183	1	170.1099	146.691	154.497	162.304	170.11	177.916	185.723	193.529
1	184	1	170.4680	147.051	154.857	162.662	170.468	178.274	186.079	193.885
1	185	1	170.8136	147.4	155.205	163.009	170.814	178.618	186.423	194.227
1	186	1	171.1468	147.739	155.542	163.344	171.147	178.949	186.752	194.555
1	187	1	171.4680	148.073	155.871	163.67	171.468	179.266	187.065	194.863
1	188	1	171.7773	148.392	156.187	163.982	171.777	179.573	187.368	195.163
1	189	1	172.0748	148.705	156.495	164.285	172.075	179.865	187.654	195.444
1	190	1	172.3606	149.009	156.793	164.577	172.361	180.144	187.928	195.712
1	191	1	172.6345	149.298	157.077	164.856	172.634	180.413	188.192	195.971
1	192	1	172.8967	149.582	157.353	165.125	172.897	180.668	188.44	196.212
1	193	1	173.1470	149.855	157.619	165.383	173.147	180.911	188.675	196.439
1	194	1	173.3856	150.119	157.875	165.63	173.386	181.141	188.897	196.652
1	195	1	173.6126	150.373	158.119	165.866	173.613	181.359	189.106	196.852
1	196	1	173.8280	150.617	158.354	166.091	173.828	181.565	189.302	197.039
1	197	1	174.0321	150.851	158.578	166.305	174.032	181.759	189.486	197.213
1	198	1	174.2251	151.076	158.792	166.509	174.225	181.942	189.658	197.374
1	199	1	174.4071	151.291	158.996	166.702	174.407	182.112	189.818	197.523
1	200	1	174.5784	151.497	159.191	166.885	174.578	182.272	189.966	197.659
1	201	1	174.7392	151.695	159.376	167.058	174.739	182.421	190.102	197.784
1	202	1	174.8896	151.883	159.552	167.221	174.89	182.559	190.227	197.896
1	203	1	175.0301	152.057	159.715	167.373	175.03	182.688	190.345	198.003
1	204	1	175.1609	152.229	159.873	167.517	175.161	182.805	190.449	198.093
1	205	1	175.2824	152.392	160.022	167.652	175.282	182.912	190.542	198.173
1	206	1	175.3951	152.543	160.16	167.778	175.395	183.013	190.63	198.247
1	207	1	175.4995	152.692	160.294	167.897	175.5	183.102	190.705	198.307
1	208	1	175.5959	152.828	160.417	168.007	175.596	183.185	190.774	198.364
1	209	1	175.6850	152.964	160.537	168.111	175.685	183.259	190.833	198.406
1	210	1	175.7672	153.088	160.648	168.207	175.767	183.327	190.887	198.446
1	211	1	175.8432	153.207	160.752	168.298	175.843	183.389	190.934	198.479
1	212	1	175.9133	153.321	160.852	168.382	175.913	183.444	190.975	198.506
1	213	1	175.9781	153.43	160.946	168.462	175.978	183.494	191.01	198.526
1	214	1	176.0380	153.535	161.036	168.537	176.038	183.539	191.04	198.541
1	215	1	176.0935	153.636	161.122	168.608	176.094	183.579	191.065	198.551
1	216	1	176.1449	153.734	161.204	168.675	176.145	183.615	191.086	198.556
1	217	1	176.1925	153.823	161.28	168.736	176.192	183.649	191.105	198.562
1	218	1	176.2368	153.915	161.355	168.796	176.237	183.678	191.118	198.559
1	219	1	176.2779	153.998	161.425	168.851	176.278	183.704	191.131	198.558
1	220	1	176.3162	154.079	161.492	168.904	176.316	183.729	191.141	198.553
1	221	1	176.3518	154.158	161.556	168.954	176.352	183.75	191.148	198.546
1	222	1	176.3851	154.24	161.622	169.003	176.385	183.767	191.149	198.53
1	223	1	176.4162	154.309	161.678	169.047	176.416	183.785	191.154	198.523
1	224	1	176.4453	154.383	161.737	169.091	176.445	183.8	191.154	198.508
1	225	1	176.4724	154.454	161.793	169.133	176.472	183.812	191.151	198.491
1	226	1	176.4976	154.524	161.848	169.173	176.498	183.822	191.147	198.472
1	227	1	176.5211	154.587	161.898	169.21	176.521	183.833	191.144	198.456
1	228	1	176.5432	154.648	161.947	169.245	176.543	183.841	191.14	198.438
