Height	SD4neg	SD3neg	SD2neg	SD1neg	SD0	SD1	SD2	SD3	SD4
65.0	5.401	5.868	6.335	6.854	7.433	8.079	8.804	9.619	10.435
65.1	5.418	5.887	6.355	6.876	7.456	8.105	8.831	9.649	10.467
65.2	5.435	5.905	6.376	6.898	7.480	8.130	8.859	9.680	10.500
65.3	5.452	5.924	6.396	6.920	7.503	8.156	8.887	9.710	10.533
65.4	5.470	5.943	6.416	6.941	7.527	8.181	8.915	9.740	10.566
65.5	5.487	5.961	6.436	6.963	7.550	8.207	8.943	9.771	10.599
65.6	5.504	5.980	6.456	6.985	7.574	8.232	8.970	9.801	10.631
65.7	5.521	5.999	6.476	7.006	7.597	8.258	8.998	9.831	10.664
65.8	5.538	6.017	6.496	7.028	7.621	8.283	9.026	9.861	10.697
65.9	5.555	6.035	6.516	7.049	7.644	8.308	9.053	9.891	10.729
66.0	5.572	6.054	6.536	7.071	7.667	8.334	9.081	9.921	10.762
66.1	5.589	6.072	6.556	7.093	7.691	8.359	9.108	9.951	10.794
66.2	5.606	6.091	6.575	7.114	7.714	8.384	9.136	9.981	10.827
66.3	5.623	6.109	6.595	7.135	7.737	8.409	9.163	10.011	10.860
66.4	5.640	6.127	6.615	7.157	7.760	8.435	9.191	10.041	10.892
66.5	5.656	6.146	6.635	7.178	7.783	8.460	9.218	10.071	10.925
66.6	5.673	6.164	6.654	7.199	7.806	8.485	9.246	10.101	10.957
66.7	5.690	6.182	6.674	7.221	7.830	8.510	9.273	10.131	10.989
66.8	5.707	6.200	6.694	7.242	7.853	8.535	9.300	10.161	11.022
66.9	5.724	6.218	6.713	7.263	7.876	8.560	9.327	10.191	11.054
67.0	5.740	6.236	6.733	7.284	7.899	8.585	9.355	10.221	11.087
67.1	5.757	6.255	6.752	7.306	7.922	8.610	9.382	10.251	11.119
67.2	5.773	6.273	6.772	7.327	7.944	8.635	9.409	10.280	11.151
67.3	5.790	6.291	6.791	7.348	7.967	8.660	9.436	10.310	11.184
67.4	5.806	6.309	6.811	7.369	7.990	8.685	9.464	10.340	11.216
67.5	5.823	6.327	6.830	7.390	8.013	8.710	9.491	10.369	11.248
67.6	5.839	6.345	6.850	7.411	8.036	8.735	9.518	10.399	11.281
67.7	5.856	6.363	6.869	7.432	8.059	8.759	9.545	10.429	11.313
67.8	5.872	6.380	6.888	7.453	8.082	8.784	9.572	10.459	11.345
67.9	5.889	6.398	6.908	7.474	8.104	8.809	9.599	10.488	11.378
68.0	5.905	6.416	6.927	7.495	8.127	8.834	9.626	10.518	11.410
68.1	5.922	6.434	6.946	7.516	8.150	8.859	9.654	10.548	11.442
68.2	5.938	6.452	6.966	7.537	8.173	8.884	9.681	10.578	11.474
68.3	5.954	6.470	6.985	7.558	8.196	8.908	9.708	10.607	11.507
68.4	5.971	6.488	7.004	7.579	8.218	8.933	9.735	10.637	11.539
68.5	5.987	6.505	7.024	7.599	8.241	8.958	9.762	10.667	11.571
68.6	6.003	6.523	7.043	7.620	8.264	8.983	9.789	10.697	11.604
68.7	6.020	6.541	7.062	7.641	8.286	9.008	9.816	10.726	11.636
68.8	6.036	6.559	7.081	7.662	8.309	9.032	9.843	10.756	11.669
68.9	6.052	6.576	7.101	7.683	8.332	9.057	9.871	10.786	11.701
69.0	6.068	6.594	7.120	7.704	8.355	9.082	9.898	10.816	11.734
69.1	6.085	6.612	7.139	7.725	8.377	9.107	9.925	10.845	11.766
69.2	6.101	6.630	7.158	7.746	8.400	9.132	9.952	10.875	11.798
69.3	6.117	6.647	7.177	7.766	8.423	9.156	9.979	10.905	11.831
69.4	6.133	6.665	7.197	7.787	8.445	9.181	10.006	10.934	11.863
69.5	6.150	6.683	7.216	7.808	8.468	9.206	10.033	10.964	11.895
69.6	6.166	6.700	7.235	7.829	8.491	9.230	10.060	10.994	11.927
69.7	6.182	6.718	7.254	7.850	8.513	9.255	10.087	11.023	11.960
69.8	6.198	6.735	7.273	7.870	8.536	9.280	10.114	11.053	11.992
69.9	6.214	6.753	7.292	7.891	8.558	9.304	10.141	11.083	12.025
70.0	6.230	6.771	7.311	7.912	8.581	9.329	10.168	11.112	12.057
70.1	6.246	6.788	7.330	7.932	8.603	9.353	10.195	11.142	12.089
70.2	6.262	6.805	7.349	7.953	8.626	9.378	10.222	11.172	12.121
70.3	6.278	6.823	7.368	7.973	8.648	9.402	10.248	11.201	12.153
70.4	6.294	6.840	7.387	7.994	8.670	9.427	10.275	11.230	12.185
70.5	6.310	6.858	7.406	8.014	8.693	9.451	10.302	11.259	12.217
70.6	6.326	6.875	7.424	8.035	8.715	9.476	10.329	11.289	12.249
70.7	6.341	6.892	7.443	8.055	8.737	9.500	10.355	11.318	12.281
70.8	6.357	6.909	7.462	8.075	8.759	9.524	10.382	11.348	12.313
70.9	6.373	6.927	7.480	8.096	8.782	9.548	10.408	11.377	12.345
71.0	6.389	6.944	7.499	8.116	8.804	9.572	10.435	11.406	12.377
71.1	6.404	6.961	7.518	8.136	8.826	9.597	10.461	11.435	12.409
71.2	6.420	6.978	7.536	8.156	8.848	9.621	10.488	11.464	12.440
71.3	6.436	6.995	7.555	8.177	8.870	9.645	10.514	11.493	12.472
71.4	6.451	7.012	7.573	8.197	8.892	9.669	10.540	11.522	12.504
71.5	6.467	7.029	7.592	8.217	8.914	9.693	10.567	11.551	12.535
71.6	6.482	7.046	7.610	8.237	8.935	9.716	10.593	11.580	12.567
71.7	6.498	7.063	7.628	8.257	8.957	9.740	10.619	11.608	12.598
71.8	6.513	7.080	7.647	8.277	8.979	9.764	10.645	11.637	12.629
71.9	6.528	7.097	7.665	8.296	9.000	9.788	10.671	11.666	12.660
72.0	6.544	7.113	7.683	8.316	9.022	9.811	10.697	11.694	12.691
72.1	6.559	7.130	7.701	8.336	9.044	9.835	10.723	11.723	12.723
72.2	6.574	7.147	7.719	8.356	9.065	9.858	10.749	11.751	12.754
72.3	6.589	7.163	7.737	8.375	9.086	9.882	10.774	11.780	12.785
72.4	6.604	7.180	7.755	8.395	9.108	9.905	10.800	11.808	12.815
72.5	6.619	7.196	7.773	8.414	9.129	9.929	10.826	11.836	12.846
72.6	6.635	7.213	7.791	8.434	9.150	9.952	10.851	11.864	12.877
72.7	6.650	7.229	7.809	8.453	9.172	9.975	10.877	11.892	12.907
72.8	6.664	7.246	7.827	8.473	9.193	9.998	10.902	11.920	12.938
72.9	6.679	7.262	7.844	8.492	9.214	10.021	10.927	11.948	12.968
73.0	6.694	7.278	7.862	8.511	9.235	10.044	10.952	11.975	12.998
73.1	6.709	7.294	7.880	8.530	9.256	10.067	10.978	12.003	13.029
73.2	6.724	7.311	7.897	8.549	9.277	10.090	11.003	12.031	13.059
73.3	6.739	7.327	7.915	8.568	9.297	10.113	11.028	12.059	13.089
73.4	6.753	7.343	7.932	8.588	9.318	10.135	11.053	12.086	13.119
73.5	6.768	7.359	7.950	8.607	9.339	10.158	11.078	12.113	13.149
73.6	6.783	7.375	7.967	8.626	9.360	10.181	11.103	12.141	13.179
73.7	6.797	7.391	7.985	8.644	9.380	10.203	11.127	12.168	13.209
73.8	6.812	7.407	8.002	8.663	9.401	10.226	11.152	12.195	13.239
73.9	6.827	7.423	8.019	8.682	9.422	10.248	11.177	12.222	13.268
74.0	6.841	7.439	8.036	8.701	9.442	10.271	11.201	12.250	13.298
74.1	6.856	7.455	8.054	8.720	9.462	10.293	11.226	12.277	13.327
74.2	6.870	7.471	8.071	8.738	9.483	10.316	11.250	12.304	13.357
74.3	6.885	7.486	8.088	8.757	9.503	10.338	11.275	12.330	13.386
74.4	6.899	7.502	8.105	8.776	9.524	10.360	11.299	12.357	13.416
74.5	6.913	7.518	8.122	8.794	9.544	10.382	11.324	12.384	13.445
74.6	6.928	7.533	8.139	8.813	9.564	10.404	11.348	12.411	13.474
74.7	6.942	7.549	8.156	8.831	9.584	10.426	11.372	12.437	13.503
74.8	6.956	7.565	8.173	8.850	9.604	10.448	11.396	12.464	13.531
74.9	6.970	7.580	8.190	8.868	9.624	10.470	11.420	12.490	13.560
75.0	6.985	7.596	8.207	8.886	9.644	10.492	11.444	12.516	13.589
75.1	6.998	7.611	8.223	8.904	9.664	10.514	11.468	12.543	13.618
75.2	7.012	7.626	8.240	8.922	9.684	10.535	11.492	12.569	13.646
75.3	7.026	7.641	8.257	8.940	9.703	10.557	11.515	12.595	13.675
75.4	7.041	7.657	8.273	8.959	9.723	10.578	11.539	12.621	13.702
75.5	7.055	7.672	8.290	8.976	9.742	10.600	11.562	12.646	13.731
75.6	7.068	7.687	8.306	8.994	9.762	10.621	11.585	12.672	13.759
75.7	7.082	7.702	8.323	9.012	9.781	10.642	11.609	12.698	13.787
75.8	7.096	7.717	8.339	9.030	9.801	10.663	11.632	12.723	13.814
75.9	7.110	7.732	8.355	9.048	9.820	10.684	11.655	12.749	13.842
76.0	7.123	7.747	8.371	9.065	9.839	10.705	11.678	12.773	13.869
76.1	7.137	7.762	8.387	9.083	9.858	10.726	11.701	12.799	13.897
76.2	7.151	7.777	8.403	9.100	9.877	10.747	11.723	12.824	13.924
76.3	7.164	7.792	8.420	9.118	9.896	10.768	11.746	12.848	13.951
76.4	7.178	7.807	8.436	9.135	9.915	10.788	11.769	12.873	13.978
76.5	7.191	7.821	8.452	9.152	9.934	10.809	11.791	12.898	14.005
76.6	7.205	7.836	8.467	9.170	9.953	10.829	11.813	12.923	14.032
76.7	7.218	7.851	8.483	9.187	9.972	10.850	11.836	12.947	14.058
76.8	7.231	7.865	8.499	9.204	9.990	10.870	11.858	12.972	14.085
76.9	7.245	7.880	8.515	9.221	10.009	10.890	11.880	12.996	14.111
77.0	7.258	7.895	8.531	9.238	10.027	10.911	11.902	13.020	14.137
77.1	7.271	7.909	8.546	9.255	10.046	10.931	11.925	13.044	14.164
77.2	7.285	7.923	8.562	9.272	10.064	10.951	11.946	13.068	14.190
77.3	7.298	7.938	8.578	9.289	10.083	10.971	11.968	13.092	14.216
77.4	7.311	7.952	8.593	9.306	10.101	10.991	11.990	13.116	14.242
77.5	7.325	7.967	8.609	9.323	10.119	11.011	12.012	13.140	14.268
77.6	7.338	7.981	8.624	9.340	10.138	11.031	12.033	13.164	14.294
77.7	7.351	7.995	8.640	9.356	10.156	11.051	12.055	13.187	14.319
77.8	7.364	8.010	8.655	9.373	10.174	11.070	12.077	13.211	14.345
77.9	7.378	8.024	8.671	9.390	10.192	11.090	12.098	13.234	14.370
78.0	7.391	8.039	8.686	9.407	10.210	11.110	12.120	13.258	14.396
78.1	7.404	8.053	8.702	9.424	10.229	11.130	12.141	13.281	14.421
78.2	7.417	8.067	8.718	9.440	10.247	11.149	12.162	13.304	14.446
78.3	7.431	8.082	8.733	9.457	10.265	11.169	12.184	13.328	14.472
78.4	7.444	8.096	8.749	9.474	10.283	11.189	12.205	13.351	14.497
78.5	7.457	8.111	8.764	9.491	10.301	11.208	12.227	13.375	14.522
78.6	7.471	8.125	8.780	9.507	10.319	11.228	12.248	13.398	14.547
78.7	7.484	8.140	8.795	9.524	10.338	11.248	12.269	13.421	14.572
78.8	7.497	8.154	8.811	9.541	10.356	11.267	12.291	13.445	14.598
78.9	7.511	8.169	8.826	9.558	10.374	11.287	12.313	13.468	14.623
79.0	7.524	8.183	8.842	9.575	10.392	11.307	12.334	13.491	14.648
79.1	7.538	8.198	8.858	9.592	10.411	11.327	12.355	13.514	14.674
79.2	7.551	8.213	8.874	9.609	10.429	11.347	12.377	13.538	14.699
79.3	7.565	8.227	8.890	9.626	10.448	11.367	12.399	13.561	14.724
79.4	7.579	8.242	8.906	9.643	10.466	11.387	12.420	13.585	14.750
79.5	7.593	8.257	8.922	9.660	10.484	11.407	12.442	13.608	14.774
79.6	7.606	8.272	8.938	9.678	10.503	11.427	12.464	13.632	14.800
79.7	7.620	8.287	8.954	9.695	10.522	11.447	12.485	13.655	14.826
79.8	7.634	8.302	8.970	9.712	10.540	11.467	12.507	13.679	14.851
79.9	7.648	8.317	8.986	9.730	10.559	11.487	12.529	13.703	14.876
80.0	7.662	8.332	9.002	9.747	10.578	11.508	12.551	13.726	14.902
80.1	7.676	8.348	9.019	9.765	10.597	11.528	12.573	13.750	14.928
80.2	7.691	8.363	9.035	9.783	10.616	11.549	12.595	13.774	14.953
80.3	7.705	8.379	9.052	9.800	10.635	11.569	12.617	13.798	14.979
80.4	7.720	8.394	9.069	9.818	10.654	11.590	12.640	13.822	15.005
80.5	7.734	8.410	9.085	9.836	10.674	11.611	12.662	13.847	15.031
80.6	7.749	8.425	9.102	9.854	10.693	11.631	12.685	13.871	15.057
80.7	7.763	8.441	9.119	9.872	10.713	11.652	12.707	13.895	15.084
80.8	7.778	8.457	9.136	9.891	10.732	11.673	12.730	13.920	15.110
80.9	7.793	8.473	9.153	9.909	10.752	11.695	12.753	13.945	15.136
81.0	7.808	8.489	9.171	9.928	10.772	11.716	12.776	13.969	15.162
81.1	7.823	8.506	9.188	9.946	10.792	11.737	12.799	13.994	15.189
81.2	7.839	8.522	9.205	9.965	10.812	11.759	12.822	14.019	15.216
81.3	7.854	8.538	9.223	9.984	10.832	11.781	12.845	14.044	15.243
81.4	7.869	8.555	9.241	10.003	10.852	11.803	12.869	14.069	15.270
81.5	7.885	8.572	9.258	10.022	10.873	11.824	12.892	14.095	15.297
81.6	7.901	8.589	9.277	10.041	10.893	11.847	12.916	14.120	15.324
81.7	7.916	8.606	9.295	10.060	10.914	11.869	12.940	14.146	15.352
81.8	7.932	8.623	9.313	10.080	10.935	11.891	12.964	14.172	15.380
81.9	7.948	8.640	9.331	10.099	10.956	11.914	12.988	14.198	15.408
82.0	7.965	8.657	9.350	10.119	10.977	11.936	13.013	14.224	15.436
82.1	7.981	8.675	9.368	10.139	10.998	11.959	13.037	14.250	15.464
82.2	7.997	8.692	9.387	10.159	11.020	11.982	13.061	14.277	15.492
82.3	8.014	8.710	9.406	10.179	11.042	12.005	13.086	14.303	15.520
82.4	8.030	8.728	9.425	10.200	11.063	12.029	13.111	14.330	15.549
82.5	8.047	8.746	9.444	10.220	11.085	12.052	13.137	14.357	15.578
82.6	8.064	8.764	9.463	10.241	11.107	12.076	13.162	14.384	15.607
82.7	8.081	8.782	9.483	10.262	11.129	12.099	13.187	14.412	15.636
82.8	8.098	8.800	9.503	10.282	11.152	12.123	13.213	14.439	15.665
82.9	8.116	8.819	9.522	10.303	11.174	12.147	13.238	14.466	15.694
83.0	8.133	8.837	9.542	10.325	11.197	12.171	13.264	14.494	15.724
83.1	8.150	8.856	9.562	10.346	11.219	12.196	13.290	14.522	15.754
83.2	8.168	8.875	9.582	10.367	11.242	12.220	13.316	14.550	15.784
83.3	8.186	8.894	9.602	10.389	11.265	12.244	13.342	14.578	15.814
83.4	8.203	8.913	9.622	10.410	11.288	12.269	13.369	14.606	15.844
83.5	8.221	8.932	9.643	10.432	11.311	12.294	13.396	14.635	15.874
83.6	8.239	8.951	9.663	10.454	11.335	12.319	13.422	14.663	15.904
83.7	8.257	8.971	9.684	10.476	11.358	12.344	13.449	14.692	15.935
83.8	8.276	8.990	9.705	10.498	11.382	12.369	13.476	14.721	15.966
83.9	8.294	9.010	9.725	10.520	11.405	12.394	13.503	14.750	15.997
84.0	8.312	9.029	9.746	10.542	11.429	12.420	13.530	14.778	16.027
84.1	8.331	9.049	9.767	10.565	11.453	12.445	13.557	14.808	16.059
84.2	8.349	9.069	9.788	10.587	11.477	12.471	13.584	14.837	16.089
84.3	8.368	9.088	9.809	10.610	11.501	12.496	13.612	14.866	16.121
84.4	8.387	9.109	9.831	10.632	11.525	12.522	13.639	14.895	16.152
84.5	8.405	9.128	9.852	10.655	11.549	12.548	13.667	14.925	16.184
84.6	8.424	9.149	9.873	10.678	11.573	12.573	13.694	14.955	16.215
84.7	8.443	9.169	9.895	10.700	11.598	12.599	13.722	14.984	16.246
84.8	8.462	9.189	9.916	10.723	11.622	12.625	13.750	15.014	16.278
84.9	8.481	9.209	9.938	10.746	11.646	12.651	13.777	15.043	16.310
85.0	8.499	9.229	9.959	10.769	11.671	12.678	13.806	15.074	16.342
85.1	8.519	9.250	9.981	10.792	11.695	12.704	13.833	15.103	16.373
85.2	8.538	9.270	10.002	10.815	11.720	12.730	13.861	15.133	16.405
85.3	8.557	9.290	10.024	10.838	11.744	12.756	13.890	15.163	16.437
85.4	8.576	9.311	10.046	10.861	11.769	12.782	13.917	15.193	16.469
85.5	8.595	9.331	10.067	10.884	11.794	12.809	13.946	15.224	16.501
85.6	8.614	9.352	10.089	10.908	11.818	12.835	13.974	15.253	16.533
85.7	8.633	9.372	10.111	10.931	11.843	12.862	14.002	15.284	16.565
85.8	8.652	9.392	10.133	10.954	11.868	12.888	14.030	15.314	16.598
85.9	8.672	9.413	10.154	10.977	11.893	12.914	14.059	15.344	16.630
86.0	8.691	9.433	10.176	11.000	11.917	12.941	14.087	15.374	16.662
86.1	8.710	9.454	10.198	11.023	11.942	12.967	14.115	15.405	16.695
86.2	8.729	9.474	10.220	11.047	11.967	12.994	14.143	15.435	16.726
86.3	8.748	9.495	10.242	11.070	11.992	13.020	14.172	15.465	16.759
86.4	8.767	9.515	10.263	11.093	12.016	13.047	14.200	15.496	16.791
86.5	8.786	9.536	10.285	11.116	12.041	13.073	14.228	15.526	16.824
86.6	8.805	9.556	10.307	11.139	12.066	13.099	14.257	15.556	16.856
86.7	8.824	9.576	10.328	11.163	12.090	13.126	14.285	15.587	16.888
86.8	8.843	9.597	10.350	11.186	12.115	13.152	14.313	15.617	16.921
86.9	8.862	9.617	10.372	11.209	12.140	13.179	14.341	15.647	16.953
87.0	8.881	9.637	10.393	11.232	12.164	13.205	14.370	15.677	16.985
87.1	8.900	9.658	10.415	11.255	12.189	13.231	14.398	15.708	17.017
87.2	8.919	9.678	10.436	11.278	12.214	13.257	14.426	15.738	17.050
87.3	8.938	9.698	10.458	11.301	12.238	13.284	14.454	15.768	17.082
87.4	8.957	9.718	10.479	11.324	12.263	13.310	14.482	15.798	17.114
87.5	8.975	9.738	10.501	11.347	12.287	13.336	14.510	15.828	17.146
87.6	8.994	9.758	10.522	11.369	12.312	13.362	14.538	15.859	17.179
87.7	9.013	9.778	10.544	11.392	12.336	13.389	14.566	15.889	17.211
87.8	9.031	9.798	10.565	11.415	12.360	13.415	14.594	15.919	17.243
87.9	9.050	9.818	10.586	11.438	12.385	13.441	14.622	15.949	17.276
88.0	9.069	9.838	10.607	11.460	12.409	13.467	14.650	15.979	17.307
88.1	9.087	9.858	10.629	11.483	12.433	13.493	14.678	16.009	17.340
88.2	9.105	9.877	10.650	11.506	12.457	13.519	14.706	16.039	17.372
88.3	9.124	9.897	10.671	11.528	12.482	13.545	14.734	16.069	17.404
88.4	9.142	9.917	10.692	11.551	12.506	13.571	14.762	16.099	17.436
88.5	9.160	9.937	10.713	11.573	12.530	13.597	14.790	16.129	17.469
88.6	9.179	9.956	10.734	11.596	12.554	13.622	14.818	16.159	17.501
88.7	9.197	9.976	10.755	11.618	12.578	13.648	14.845	16.189	17.533
88.8	9.215	9.995	10.775	11.640	12.602	13.674	14.873	16.219	17.564
88.9	9.233	10.015	10.796	11.663	12.626	13.700	14.901	16.249	17.597
89.0	9.251	10.034	10.817	11.685	12.650	13.725	14.928	16.278	17.629
89.1	9.269	10.053	10.838	11.707	12.673	13.751	14.956	16.309	17.661
89.2	9.287	10.073	10.858	11.729	12.697	13.776	14.984	16.338	17.693
89.3	9.305	10.092	10.879	11.751	12.721	13.802	15.011	16.368	17.725
89.4	9.323	10.111	10.899	11.773	12.745	13.827	15.039	16.398	17.757
89.5	9.340	10.130	10.920	11.795	12.768	13.853	15.066	16.428	17.789
89.6	9.358	10.149	10.940	11.817	12.792	13.879	15.094	16.458	17.821
89.7	9.376	10.169	10.961	11.839	12.816	13.904	15.121	16.487	17.853
89.8	9.394	10.188	10.981	11.861	12.839	13.929	15.149	16.517	17.885
89.9	9.411	10.207	11.002	11.883	12.863	13.955	15.176	16.546	17.917
90.0	9.429	10.226	11.022	11.905	12.886	13.980	15.204	16.576	17.949
90.1	9.446	10.244	11.043	11.927	12.910	14.006	15.231	16.606	17.981
90.2	9.464	10.263	11.063	11.949	12.933	14.031	15.258	16.636	18.013
90.3	9.481	10.282	11.083	11.970	12.957	14.057	15.286	16.666	18.046
90.4	9.499	10.301	11.103	11.992	12.980	14.082	15.314	16.696	18.078
90.5	9.516	10.320	11.123	12.014	13.004	14.107	15.341	16.725	18.109
90.6	9.534	10.339	11.144	12.036	13.027	14.132	15.368	16.755	18.141
90.7	9.551	10.357	11.164	12.057	13.051	14.158	15.396	16.785	18.174
90.8	9.569	10.376	11.184	12.079	13.074	14.183	15.423	16.815	18.206
90.9	9.586	10.395	11.204	12.101	13.098	14.209	15.451	16.845	18.238
91.0	9.603	10.414	11.224	12.123	13.121	14.234	15.478	16.874	18.270
91.1	9.620	10.432	11.244	12.144	13.144	14.259	15.506	16.904	18.303
91.2	9.637	10.451	11.264	12.166	13.168	14.284	15.533	16.934	18.335
91.3	9.654	10.469	11.284	12.187	13.191	14.310	15.561	16.964	18.368
91.4	9.671	10.488	11.304	12.209	13.214	14.335	15.588	16.994	18.400
91.5	9.689	10.507	11.324	12.231	13.238	14.360	15.615	17.024	18.432
91.6	9.706	10.525	11.344	12.252	13.261	14.385	15.643	17.054	18.464
91.7	9.723	10.544	11.364	12.274	13.284	14.411	15.670	17.083	18.497
91.8	9.740	10.562	11.384	12.295	13.308	14.436	15.698	17.114	18.530
91.9	9.757	10.580	11.404	12.317	13.331	14.461	15.726	17.144	18.562
92.0	9.774	10.599	11.424	12.338	13.354	14.487	15.753	17.174	18.595
92.1	9.791	10.617	11.444	12.359	13.377	14.512	15.780	17.204	18.627
92.2	9.807	10.635	11.463	12.381	13.401	14.537	15.808	17.234	18.660
92.3	9.824	10.654	11.483	12.402	13.424	14.563	15.836	17.264	18.693
92.4	9.841	10.672	11.503	12.424	13.447	14.588	15.864	17.295	18.726
92.5	9.858	10.691	11.523	12.445	13.470	14.613	15.891	17.325	18.758
92.6	9.875	10.709	11.543	12.467	13.494	14.639	15.919	17.355	18.792
92.7	9.892	10.727	11.563	12.488	13.517	14.664	15.946	17.385	18.824
92.8	9.909	10.745	11.582	12.510	13.540	14.689	15.974	17.416	18.857
92.9	9.925	10.764	11.602	12.531	13.564	14.715	16.002	17.446	18.891
93.0	9.942	10.782	11.622	12.552	13.587	14.740	16.030	17.477	18.924
93.1	9.959	10.800	11.641	12.574	13.610	14.766	16.058	17.508	18.957
93.2	9.975	10.818	11.661	12.595	13.634	14.791	16.086	17.538	18.991
93.3	9.992	10.837	11.681	12.617	13.657	14.817	16.114	17.569	19.024
93.4	10.009	10.855	11.701	12.638	13.681	14.842	16.142	17.600	19.058
93.5	10.026	10.873	11.721	12.660	13.704	14.868	16.170	17.630	19.091
93.6	10.042	10.891	11.741	12.682	13.728	14.894	16.198	17.661	19.125
93.7	10.059	10.910	11.760	12.703	13.751	14.919	16.226	17.692	19.158
93.8	10.076	10.928	11.780	12.725	13.775	14.945	16.254	17.723	19.193
93.9	10.093	10.946	11.800	12.746	13.798	14.971	16.282	17.754	19.226
94.0	10.109	10.964	11.820	12.768	13.822	14.997	16.311	17.786	19.261
94.1	10.126	10.983	11.840	12.790	13.845	15.023	16.339	17.817	19.295
94.2	10.143	11.001	11.860	12.811	13.869	15.049	16.368	17.849	19.329
94.3	10.160	11.020	11.880	12.833	13.893	15.074	16.396	17.880	19.363
94.4	10.176	11.038	11.899	12.855	13.916	15.100	16.425	17.911	19.398
94.5	10.193	11.056	11.919	12.876	13.940	15.127	16.454	17.943	19.433
94.6	10.210	11.075	11.940	12.898	13.964	15.153	16.482	17.974	19.467
94.7	10.227	11.093	11.960	12.920	13.988	15.179	16.511	18.006	19.502
94.8	10.243	11.111	11.980	12.942	14.012	15.205	16.540	18.038	19.537
94.9	10.260	11.130	12.000	12.964	14.036	15.232	16.569	18.070	19.572
95.0	10.277	11.148	12.020	12.986	14.060	15.258	16.598	18.103	19.607
95.1	10.294	11.167	12.040	13.008	14.084	15.284	16.627	18.135	19.642
95.2	10.310	11.185	12.060	13.030	14.108	15.311	16.657	18.167	19.678
95.3	10.327	11.204	12.080	13.052	14.132	15.338	16.686	18.200	19.714
95.4	10.344	11.222	12.100	13.074	14.157	15.364	16.715	18.232	19.749
95.5	10.361	11.241	12.121	13.096	14.181	15.391	16.745	18.265	19.785
95.6	10.378	11.260	12.141	13.119	14.206	15.418	16.775	18.298	19.821
95.7	10.395	11.278	12.161	13.141	14.230	15.445	16.804	18.331	19.857
95.8	10.412	11.297	12.182	13.163	14.254	15.472	16.834	18.364	19.893
95.9	10.429	11.315	12.202	13.185	14.279	15.499	16.864	18.397	19.930
96.0	10.446	11.334	12.223	13.208	14.304	15.526	16.894	18.430	19.966
96.1	10.463	11.353	12.243	13.230	14.328	15.553	16.924	18.464	20.003
96.2	10.480	11.372	12.264	13.253	14.353	15.581	16.955	18.498	20.041
96.3	10.497	11.390	12.284	13.276	14.378	15.608	16.985	18.532	20.078
96.4	10.514	11.410	12.305	13.298	14.403	15.636	17.015	18.565	20.115
96.5	10.531	11.428	12.326	13.321	14.428	15.663	17.046	18.599	20.152
96.6	10.548	11.447	12.347	13.344	14.453	15.691	17.077	18.633	20.190
96.7	10.565	11.466	12.367	13.367	14.478	15.719	17.108	18.668	20.228
96.8	10.583	11.485	12.388	13.390	14.504	15.747	17.139	18.702	20.265
96.9	10.600	11.505	12.409	13.413	14.529	15.775	17.170	18.737	20.304
97.0	10.617	11.524	12.430	13.436	14.555	15.803	17.201	18.771	20.342
97.1	10.634	11.543	12.451	13.459	14.580	15.832	17.233	18.807	20.381
97.2	10.652	11.562	12.472	13.482	14.606	15.860	17.264	18.842	20.419
97.3	10.669	11.582	12.494	13.506	14.632	15.888	17.296	18.877	20.458
97.4	10.687	11.601	12.515	13.529	14.657	15.917	17.327	18.912	20.497
97.5	10.704	11.620	12.536	13.552	14.683	15.946	17.359	18.948	20.536
97.6	10.722	11.640	12.558	13.576	14.709	15.974	17.391	18.983	20.575
97.7	10.739	11.659	12.579	13.599	14.735	16.003	17.423	19.019	20.615
97.8	10.757	11.679	12.600	13.623	14.761	16.032	17.455	19.055	20.654
97.9	10.775	11.698	12.622	13.647	14.788	16.061	17.488	19.091	20.695
98.0	10.793	11.718	12.644	13.671	14.814	16.090	17.520	19.127	20.734
98.1	10.810	11.738	12.665	13.695	14.840	16.120	17.553	19.164	20.775
98.2	10.828	11.757	12.687	13.719	14.867	16.149	17.586	19.201	20.815
98.3	10.846	11.777	12.709	13.743	14.893	16.178	17.618	19.237	20.855
98.4	10.864	11.797	12.731	13.767	14.920	16.208	17.651	19.274	20.896
98.5	10.882	11.817	12.752	13.791	14.947	16.238	17.684	19.311	20.937
98.6	10.899	11.837	12.774	13.815	14.974	16.268	17.718	19.348	20.978
98.7	10.917	11.857	12.796	13.839	15.000	16.298	17.751	19.385	21.019
98.8	10.935	11.877	12.818	13.864	15.028	16.328	17.784	19.423	21.061
98.9	10.953	11.897	12.840	13.888	15.055	16.358	17.818	19.460	21.102
99.0	10.972	11.917	12.863	13.913	15.082	16.388	17.852	19.498	21.144
99.1	10.990	11.937	12.885	13.937	15.109	16.418	17.885	19.536	21.186
99.2	11.007	11.957	12.907	13.962	15.136	16.449	17.920	19.574	21.229
99.3	11.026	11.978	12.929	13.986	15.164	16.479	17.954	19.612	21.271
99.4	11.044	11.998	12.952	14.011	15.191	16.510	17.988	19.650	21.313
99.5	11.062	12.018	12.974	14.036	15.219	16.540	18.022	19.688	21.355
99.6	11.080	12.038	12.997	14.061	15.246	16.571	18.056	19.727	21.399
99.7	11.099	12.059	13.019	14.086	15.274	16.602	18.091	19.766	21.441
99.8	11.117	12.079	13.042	14.111	15.302	16.633	18.126	19.805	21.485
99.9	11.136	12.100	13.065	14.136	15.330	16.664	18.160	19.844	21.528
100.0	11.154	12.120	13.087	14.161	15.358	16.695	18.195	19.883	21.571
100.1	11.172	12.141	13.110	14.186	15.386	16.726	18.230	19.922	21.614
100.2	11.191	12.162	13.133	14.211	15.414	16.758	18.265	19.962	21.658
100.3	11.209	12.182	13.155	14.237	15.442	16.789	18.300	20.002	21.703
100.4	11.228	12.203	13.178	14.262	15.470	16.821	18.335	20.041	21.746
100.5	11.246	12.224	13.201	14.288	15.498	16.852	18.371	20.081	21.791
100.6	11.265	12.244	13.224	14.313	15.527	16.884	18.406	20.121	21.835
100.7	11.283	12.265	13.247	14.339	15.555	16.916	18.442	20.161	21.880
100.8	11.302	12.286	13.270	14.364	15.584	16.948	18.478	20.201	21.925
100.9	11.320	12.307	13.293	14.390	15.612	16.980	18.514	20.242	21.970
101.0	11.339	12.328	13.317	14.416	15.641	17.012	18.550	20.282	22.015
101.1	11.358	12.349	13.340	14.442	15.670	17.044	18.586	20.322	22.059
101.2	11.376	12.370	13.363	14.467	15.699	17.076	18.622	20.364	22.105
101.3	11.395	12.391	13.386	14.493	15.728	17.108	18.658	20.404	22.150
101.4	11.414	12.412	13.410	14.519	15.757	17.141	18.695	20.445	22.196
101.5	11.433	12.433	13.433	14.545	15.786	17.173	18.731	20.487	22.242
101.6	11.452	12.454	13.457	14.572	15.815	17.206	18.768	20.528	22.288
101.7	11.471	12.476	13.480	14.598	15.844	17.239	18.804	20.569	22.333
101.8	11.490	12.497	13.504	14.624	15.873	17.271	18.841	20.610	22.379
101.9	11.509	12.518	13.528	14.650	15.903	17.304	18.878	20.652	22.426
102.0	11.528	12.539	13.551	14.676	15.932	17.337	18.915	20.694	22.473
102.1	11.547	12.561	13.575	14.703	15.962	17.370	18.952	20.736	22.519
102.2	11.566	12.582	13.599	14.729	15.991	17.403	18.989	20.778	22.566
102.3	11.585	12.604	13.623	14.756	16.021	17.436	19.027	20.819	22.612
102.4	11.604	12.625	13.646	14.782	16.050	17.470	19.064	20.862	22.660
102.5	11.623	12.647	13.670	14.809	16.080	17.503	19.102	20.904	22.707
102.6	11.643	12.669	13.694	14.836	16.110	17.536	19.139	20.947	22.754
102.7	11.662	12.690	13.718	14.863	16.140	17.570	19.177	20.990	22.802
102.8	11.681	12.712	13.742	14.889	16.170	17.603	19.215	21.032	22.849
102.9	11.700	12.733	13.766	14.916	16.200	17.637	19.253	21.075	22.897
103.0	11.720	12.755	13.791	14.943	16.230	17.671	19.291	21.118	22.945
103.1	11.739	12.777	13.815	14.970	16.260	17.705	19.329	21.160	22.992
103.2	11.758	12.799	13.839	14.997	16.290	17.739	19.367	21.204	23.041
103.3	11.778	12.821	13.863	15.024	16.320	17.772	19.405	21.247	23.089
103.4	11.797	12.842	13.888	15.051	16.351	17.807	19.444	21.291	23.138
103.5	11.817	12.865	13.912	15.079	16.381	17.841	19.482	21.334	23.186
103.6	11.836	12.886	13.937	15.106	16.412	17.875	19.521	21.378	23.235
103.7	11.856	12.909	13.961	15.133	16.442	17.909	19.559	21.421	23.283
103.8	11.875	12.930	13.985	15.160	16.473	17.944	19.598	21.465	23.332
103.9	11.895	12.952	14.010	15.188	16.504	17.978	19.637	21.509	23.382
104.0	11.915	12.975	14.035	15.215	16.534	18.013	19.675	21.553	23.430
104.1	11.934	12.997	14.059	15.243	16.565	18.047	19.715	21.597	23.480
104.2	11.954	13.019	14.084	15.270	16.596	18.082	19.753	21.641	23.529
104.3	11.974	13.041	14.109	15.298	16.627	18.117	19.793	21.686	23.578
104.4	11.994	13.064	14.134	15.326	16.658	18.151	19.832	21.730	23.628
104.5	12.013	13.086	14.159	15.353	16.689	18.186	19.871	21.775	23.678
104.6	12.033	13.108	14.183	15.381	16.720	18.221	19.911	21.820	23.728
104.7	12.053	13.131	14.209	15.409	16.751	18.256	19.950	21.864	23.777
104.8	12.073	13.153	14.233	15.437	16.783	18.292	19.990	21.909	23.828
104.9	12.093	13.176	14.258	15.465	16.814	18.327	20.030	21.954	23.878
105.0	12.113	13.198	14.283	15.493	16.845	18.362	20.070	22.000	23.929
105.1	12.133	13.221	14.309	15.521	16.877	18.398	20.110	22.044	23.979
105.2	12.153	13.243	14.334	15.549	16.908	18.433	20.150	22.090	24.030
105.3	12.173	13.266	14.359	15.578	16.940	18.469	20.190	22.136	24.081
105.4	12.193	13.289	14.384	15.606	16.972	18.505	20.231	22.182	24.133
105.5	12.214	13.312	14.410	15.634	17.004	18.540	20.271	22.227	24.183
105.6	12.234	13.335	14.435	15.663	17.036	18.576	20.311	22.273	24.235
105.7	12.254	13.357	14.461	15.691	17.067	18.612	20.352	22.319	24.286
105.8	12.274	13.380	14.486	15.720	17.100	18.648	20.393	22.365	24.338
105.9	12.294	13.403	14.512	15.748	17.132	18.684	20.434	22.412	24.390
106.0	12.315	13.426	14.537	15.777	17.164	18.721	20.475	22.458	24.442
106.1	12.335	13.449	14.563	15.806	17.196	18.757	20.516	22.505	24.494
106.2	12.356	13.473	14.589	15.835	17.228	18.793	20.556	22.551	24.546
106.3	12.376	13.496	14.615	15.863	17.261	18.830	20.598	22.598	24.598
106.4	12.397	13.519	14.641	15.892	17.293	18.866	20.639	22.645	24.651
106.5	12.417	13.542	14.667	15.921	17.326	18.903	20.680	22.692	24.703
106.6	12.438	13.565	14.692	15.950	17.358	18.939	20.722	22.739	24.756
106.7	12.458	13.588	14.718	15.979	17.391	18.976	20.764	22.786	24.809
106.8	12.479	13.611	14.744	16.008	17.424	19.014	20.806	22.835	24.863
106.9	12.499	13.635	14.770	16.038	17.456	19.050	20.848	22.882	24.917
107.0	12.520	13.658	14.797	16.067	17.489	19.088	20.890	22.930	24.970
107.1	12.541	13.682	14.823	16.096	17.522	19.125	20.932	22.978	25.023
107.2	12.562	13.705	14.849	16.126	17.555	19.162	20.974	23.025	25.077
107.3	12.582	13.729	14.875	16.155	17.588	19.199	21.016	23.073	25.131
107.4	12.603	13.753	14.902	16.185	17.622	19.237	21.059	23.122	25.185
107.5	12.624	13.776	14.928	16.214	17.655	19.274	21.101	23.170	25.239
107.6	12.645	13.800	14.954	16.244	17.688	19.312	21.144	23.219	25.294
107.7	12.666	13.823	14.981	16.274	17.722	19.350	21.187	23.268	25.348
107.8	12.687	13.847	15.008	16.303	17.755	19.388	21.229	23.316	25.403
107.9	12.708	13.871	15.034	16.333	17.789	19.425	21.272	23.365	25.457
108.0	12.729	13.895	15.061	16.363	17.823	19.464	21.316	23.415	25.513
108.1	12.750	13.919	15.088	16.393	17.856	19.502	21.359	23.464	25.568
108.2	12.771	13.943	15.115	16.423	17.890	19.540	21.402	23.513	25.623
108.3	12.793	13.967	15.142	16.454	17.924	19.578	21.446	23.562	25.678
108.4	12.814	13.991	15.168	16.484	17.958	19.617	21.490	23.612	25.735
108.5	12.835	14.015	15.195	16.514	17.992	19.655	21.533	23.662	25.791
108.6	12.857	14.040	15.223	16.545	18.027	19.694	21.577	23.712	25.846
108.7	12.878	14.064	15.250	16.575	18.061	19.733	21.621	23.762	25.903
108.8	12.899	14.088	15.277	16.606	18.095	19.772	21.665	23.812	25.959
108.9	12.920	14.112	15.304	16.636	18.130	19.811	21.710	23.863	26.017
109.0	12.942	14.137	15.332	16.667	18.164	19.850	21.754	23.913	26.073
109.1	12.964	14.162	15.359	16.698	18.199	19.889	21.798	23.964	26.129
109.2	12.985	14.186	15.386	16.729	18.234	19.929	21.843	24.015	26.187
109.3	13.007	14.211	15.414	16.760	18.269	19.968	21.888	24.066	26.244
109.4	13.029	14.235	15.442	16.791	18.304	20.008	21.933	24.118	26.302
109.5	13.051	14.260	15.470	16.822	18.339	20.047	21.978	24.169	26.360
109.6	13.073	14.285	15.497	16.853	18.374	20.087	22.023	24.220	26.417
109.7	13.094	14.310	15.525	16.884	18.409	20.127	22.068	24.272	26.475
109.8	13.117	14.335	15.553	16.916	18.445	20.167	22.114	24.323	26.533
109.9	13.138	14.360	15.581	16.947	18.480	20.207	22.159	24.376	26.592
110.0	13.161	14.385	15.609	16.979	18.516	20.247	22.205	24.428	26.650
110.1	13.183	14.410	15.637	17.010	18.551	20.287	22.250	24.479	26.708
110.2	13.205	14.435	15.666	17.042	18.587	20.328	22.297	24.532	26.768
110.3	13.227	14.461	15.694	17.074	18.623	20.368	22.342	24.584	26.826
110.4	13.249	14.486	15.722	17.106	18.659	20.409	22.389	24.637	26.886
110.5	13.272	14.511	15.751	17.138	18.695	20.450	22.435	24.690	26.945
110.6	13.294	14.537	15.779	17.170	18.731	20.490	22.481	24.742	27.004
110.7	13.317	14.562	15.808	17.202	18.767	20.531	22.528	24.796	27.064
110.8	13.339	14.588	15.836	17.234	18.803	20.572	22.574	24.849	27.123
110.9	13.362	14.613	15.865	17.266	18.840	20.614	22.621	24.902	27.184
111.0	13.384	14.639	15.894	17.298	18.876	20.655	22.668	24.955	27.243
111.1	13.407	14.664	15.922	17.330	18.912	20.696	22.715	25.009	27.304
111.2	13.430	14.690	15.951	17.363	18.949	20.737	22.762	25.063	27.364
111.3	13.452	14.716	15.980	17.395	18.986	20.779	22.809	25.116	27.424
111.4	13.475	14.742	16.009	17.428	19.022	20.820	22.856	25.170	27.485
111.5	13.498	14.768	16.038	17.461	19.059	20.862	22.903	25.224	27.545
111.6	13.520	14.794	16.067	17.493	19.096	20.904	22.951	25.279	27.607
111.7	13.543	14.820	16.096	17.526	19.133	20.945	22.998	25.333	27.667
111.8	13.567	14.846	16.126	17.559	19.170	20.987	23.046	25.387	27.728
111.9	13.589	14.872	16.155	17.591	19.207	21.029	23.094	25.442	27.790
112.0	13.612	14.898	16.184	17.624	19.244	21.071	23.141	25.496	27.851
112.1	13.636	14.924	16.213	17.657	19.281	21.113	23.189	25.550	27.912
112.2	13.658	14.950	16.243	17.690	19.318	21.156	23.237	25.606	27.974
112.3	13.682	14.977	16.272	17.724	19.356	21.198	23.285	25.660	28.035
112.4	13.705	15.003	16.302	17.757	19.393	21.240	23.333	25.715	28.097
112.5	13.728	15.029	16.331	17.790	19.430	21.282	23.381	25.770	28.159
112.6	13.751	15.056	16.361	17.823	19.468	21.325	23.430	25.825	28.221
112.7	13.775	15.083	16.390	17.856	19.506	21.367	23.478	25.880	28.283
112.8	13.798	15.109	16.420	17.890	19.543	21.410	23.527	25.936	28.346
112.9	13.821	15.135	16.450	17.923	19.581	21.453	23.575	25.991	28.407
113.0	13.845	15.162	16.479	17.957	19.618	21.495	23.623	26.047	28.470
113.1	13.868	15.189	16.509	17.990	19.656	21.538	23.672	26.102	28.532
113.2	13.891	15.215	16.539	18.024	19.694	21.581	23.721	26.158	28.595
113.3	13.915	15.242	16.569	18.057	19.732	21.624	23.770	26.214	28.658
113.4	13.938	15.269	16.599	18.091	19.770	21.667	23.819	26.269	28.720
113.5	13.962	15.296	16.629	18.125	19.808	21.710	23.868	26.325	28.783
113.6	13.985	15.322	16.659	18.158	19.846	21.753	23.917	26.382	28.847
113.7	14.009	15.349	16.689	18.192	19.884	21.796	23.966	26.438	28.910
113.8	14.033	15.376	16.719	18.226	19.922	21.840	24.015	26.494	28.973
113.9	14.056	15.403	16.749	18.260	19.961	21.883	24.064	26.550	29.036
114.0	14.080	15.429	16.779	18.294	19.999	21.927	24.114	26.607	29.100
114.1	14.103	15.456	16.809	18.328	20.037	21.970	24.163	26.663	29.164
114.2	14.127	15.484	16.840	18.362	20.076	22.013	24.213	26.720	29.227
114.3	14.151	15.511	16.870	18.396	20.114	22.057	24.262	26.776	29.291
114.4	14.175	15.537	16.900	18.430	20.153	22.101	24.312	26.834	29.356
114.5	14.198	15.565	16.931	18.464	20.191	22.144	24.362	26.891	29.419
114.6	14.222	15.592	16.961	18.498	20.230	22.188	24.412	26.947	29.483
114.7	14.246	15.619	16.991	18.532	20.268	22.232	24.461	27.004	29.547
114.8	14.270	15.646	17.022	18.567	20.307	22.276	24.511	27.061	29.611
114.9	14.294	15.673	17.052	18.601	20.346	22.320	24.562	27.119	29.676
115.0	14.318	15.700	17.083	18.635	20.385	22.364	24.612	27.176	29.741
115.1	14.342	15.727	17.113	18.669	20.423	22.407	24.661	27.233	29.805
115.2	14.366	15.755	17.144	18.704	20.462	22.452	24.712	27.290	29.869
115.3	14.390	15.782	17.175	18.738	20.501	22.495	24.762	27.348	29.934
115.4	14.414	15.810	17.205	18.773	20.540	22.540	24.812	27.405	29.998
115.5	14.437	15.836	17.236	18.807	20.579	22.584	24.863	27.463	30.064
115.6	14.461	15.864	17.266	18.842	20.618	22.628	24.913	27.521	30.129
115.7	14.486	15.891	17.297	18.876	20.657	22.672	24.963	27.578	30.194
115.8	14.510	15.919	17.328	18.911	20.696	22.717	25.014	27.636	30.259
115.9	14.534	15.946	17.359	18.945	20.735	22.761	25.064	27.694	30.324
116.0	14.558	15.974	17.389	18.980	20.774	22.805	25.115	27.752	30.389
116.1	14.582	16.001	17.420	19.015	20.813	22.850	25.165	27.809	30.454
116.2	14.606	16.028	17.451	19.049	20.852	22.894	25.216	27.868	30.520
116.3	14.630	16.056	17.481	19.084	20.892	22.939	25.267	27.926	30.585
116.4	14.654	16.083	17.512	19.119	20.931	22.983	25.317	27.984	30.651
116.5	14.678	16.111	17.543	19.153	20.970	23.028	25.368	28.042	30.716
116.6	14.702	16.138	17.574	19.188	21.009	23.072	25.419	28.100	30.782
116.7	14.726	16.166	17.605	19.223	21.049	23.117	25.470	28.158	30.847
116.8	14.750	16.193	17.635	19.257	21.088	23.162	25.521	28.218	30.914
116.9	14.774	16.220	17.666	19.292	21.127	23.206	25.572	28.276	30.980
117.0	14.798	16.248	17.697	19.327	21.167	23.251	25.623	28.334	31.045
117.1	14.823	16.275	17.728	19.362	21.206	23.296	25.674	28.392	31.111
117.2	14.847	16.303	17.759	19.397	21.245	23.340	25.725	28.451	31.177
117.3	14.871	16.330	17.790	19.431	21.285	23.385	25.776	28.509	31.243
117.4	14.895	16.358	17.821	19.466	21.324	23.430	25.827	28.568	31.309
117.5	14.919	16.385	17.852	19.501	21.364	23.475	25.879	28.627	31.376
117.6	14.943	16.413	17.883	19.536	21.403	23.520	25.930	28.686	31.442
117.7	14.967	16.440	17.913	19.571	21.443	23.565	25.981	28.745	31.508
117.8	14.991	16.468	17.944	19.606	21.482	23.609	26.032	28.803	31.575
117.9	15.016	16.495	17.975	19.641	21.522	23.654	26.083	28.862	31.641
118.0	15.040	16.523	18.006	19.676	21.561	23.699	26.135	28.921	31.707
118.1	15.063	16.550	18.037	19.710	21.601	23.744	26.186	28.981	31.775
118.2	15.087	16.578	18.068	19.745	21.640	23.789	26.238	29.039	31.841
118.3	15.112	16.605	18.099	19.780	21.680	23.834	26.289	29.098	31.908
118.4	15.136	16.633	18.130	19.815	21.719	23.879	26.340	29.157	31.974
118.5	15.160	16.660	18.161	19.850	21.759	23.924	26.392	29.216	32.041
118.6	15.184	16.688	18.192	19.885	21.798	23.970	26.444	29.276	32.109
118.7	15.208	16.715	18.223	19.920	21.838	24.015	26.495	29.335	32.175
118.8	15.232	16.743	18.254	19.955	21.878	24.060	26.547	29.394	32.242
118.9	15.256	16.770	18.285	19.990	21.917	24.105	26.598	29.453	32.309
119.0	15.280	16.798	18.316	20.025	21.957	24.150	26.650	29.512	32.375
119.1	15.304	16.825	18.347	20.060	21.996	24.195	26.701	29.572	32.442
119.2	15.328	16.852	18.377	20.094	22.036	24.240	26.753	29.632	32.510
119.3	15.352	16.880	18.408	20.129	22.076	24.285	26.805	29.691	32.577
119.4	15.376	16.908	18.439	20.164	22.115	24.330	26.856	29.750	32.644
119.5	15.400	16.935	18.470	20.199	22.155	24.375	26.908	29.810	32.711
119.6	15.424	16.963	18.501	20.234	22.194	24.421	26.959	29.869	32.778
119.7	15.448	16.990	18.532	20.269	22.234	24.466	27.012	29.929	32.846
119.8	15.472	17.017	18.563	20.304	22.274	24.511	27.063	29.988	32.914
119.9	15.496	17.045	18.593	20.339	22.313	24.556	27.115	30.048	32.981
120.0	15.520	17.072	18.624	20.374	22.353	24.601	27.167	30.107	33.048
