Length	SD4neg	SD3neg	SD2neg	SD1neg	SD0	SD1	SD2	SD3	SD4
45.0	1.737	1.902	2.066	2.252	2.461	2.698	2.967	3.275	3.584
45.1	1.749	1.915	2.081	2.267	2.478	2.716	2.988	3.298	3.609
45.2	1.761	1.928	2.095	2.283	2.495	2.735	3.008	3.321	3.633
45.3	1.773	1.941	2.109	2.298	2.512	2.753	3.029	3.343	3.658
45.4	1.785	1.954	2.123	2.314	2.529	2.772	3.049	3.366	3.683
45.5	1.797	1.967	2.138	2.329	2.546	2.791	3.070	3.389	3.708
45.6	1.809	1.980	2.152	2.345	2.563	2.809	3.090	3.412	3.733
45.7	1.821	1.993	2.166	2.360	2.580	2.828	3.111	3.434	3.758
45.8	1.832	2.006	2.180	2.376	2.597	2.847	3.131	3.457	3.783
45.9	1.844	2.020	2.195	2.392	2.614	2.865	3.152	3.480	3.808
46.0	1.856	2.033	2.209	2.407	2.631	2.884	3.172	3.502	3.832
46.1	1.868	2.046	2.223	2.423	2.648	2.903	3.193	3.525	3.857
46.2	1.880	2.059	2.237	2.438	2.665	2.921	3.214	3.548	3.882
46.3	1.892	2.072	2.252	2.454	2.682	2.940	3.234	3.571	3.907
46.4	1.904	2.085	2.266	2.469	2.699	2.959	3.255	3.593	3.932
46.5	1.916	2.098	2.280	2.485	2.716	2.977	3.275	3.616	3.957
46.6	1.928	2.111	2.294	2.500	2.733	2.996	3.296	3.639	3.982
46.7	1.940	2.124	2.309	2.516	2.750	3.015	3.316	3.662	4.007
46.8	1.952	2.137	2.323	2.531	2.767	3.033	3.337	3.684	4.032
46.9	1.964	2.150	2.337	2.547	2.784	3.052	3.358	3.707	4.057
47.0	1.976	2.164	2.351	2.562	2.801	3.071	3.378	3.730	4.081
47.1	1.988	2.177	2.366	2.578	2.818	3.090	3.399	3.753	4.107
47.2	2.000	2.190	2.380	2.594	2.835	3.108	3.420	3.776	4.132
47.3	2.012	2.203	2.394	2.609	2.852	3.127	3.440	3.799	4.157
47.4	2.024	2.216	2.409	2.625	2.869	3.146	3.461	3.822	4.182
47.5	2.036	2.230	2.423	2.641	2.887	3.165	3.482	3.845	4.208
47.6	2.048	2.243	2.438	2.657	2.904	3.184	3.503	3.868	4.233
47.7	2.061	2.256	2.452	2.673	2.922	3.203	3.524	3.891	4.259
47.8	2.073	2.270	2.467	2.689	2.939	3.223	3.545	3.915	4.284
47.9	2.085	2.283	2.482	2.705	2.956	3.242	3.567	3.938	4.310
48.0	2.097	2.297	2.497	2.721	2.974	3.261	3.588	3.962	4.336
48.1	2.110	2.311	2.511	2.737	2.992	3.281	3.609	3.986	4.362
48.2	2.122	2.324	2.526	2.753	3.010	3.300	3.631	4.009	4.388
48.3	2.135	2.338	2.541	2.770	3.028	3.320	3.652	4.033	4.414
48.4	2.148	2.352	2.556	2.786	3.046	3.340	3.674	4.057	4.440
48.5	2.160	2.366	2.571	2.803	3.064	3.359	3.696	4.082	4.467
48.6	2.173	2.380	2.587	2.819	3.082	3.379	3.718	4.106	4.494
48.7	2.186	2.394	2.602	2.836	3.100	3.399	3.740	4.130	4.520
48.8	2.199	2.408	2.618	2.853	3.119	3.420	3.763	4.155	4.548
48.9	2.212	2.423	2.633	2.870	3.137	3.440	3.785	4.180	4.575
49.0	2.225	2.437	2.649	2.887	3.156	3.461	3.808	4.205	4.602
49.1	2.238	2.451	2.665	2.904	3.175	3.482	3.831	4.231	4.630
49.2	2.252	2.466	2.681	2.922	3.194	3.502	3.854	4.256	4.658
49.3	2.265	2.481	2.697	2.939	3.213	3.524	3.877	4.282	4.686
49.4	2.279	2.496	2.713	2.957	3.232	3.545	3.901	4.308	4.715
49.5	2.292	2.511	2.729	2.975	3.252	3.566	3.924	4.334	4.743
49.6	2.306	2.526	2.746	2.993	3.272	3.588	3.948	4.360	4.772
49.7	2.320	2.541	2.762	3.011	3.292	3.610	3.972	4.387	4.801
49.8	2.334	2.557	2.779	3.029	3.311	3.631	3.996	4.413	4.830
49.9	2.348	2.572	2.796	3.048	3.332	3.654	4.020	4.440	4.860
50.0	2.362	2.588	2.813	3.066	3.352	3.676	4.045	4.467	4.890
50.1	2.377	2.603	2.830	3.085	3.372	3.698	4.070	4.495	4.920
50.2	2.391	2.619	2.847	3.104	3.393	3.721	4.095	4.522	4.950
50.3	2.406	2.635	2.865	3.122	3.414	3.744	4.120	4.550	4.980
50.4	2.421	2.651	2.882	3.142	3.435	3.767	4.145	4.578	5.011
50.5	2.435	2.668	2.900	3.161	3.456	3.790	4.171	4.606	5.042
50.6	2.450	2.684	2.917	3.180	3.477	3.813	4.196	4.635	5.073
50.7	2.465	2.700	2.935	3.200	3.498	3.837	4.222	4.664	5.105
50.8	2.480	2.717	2.953	3.220	3.520	3.860	4.248	4.692	5.136
50.9	2.496	2.734	2.972	3.239	3.542	3.884	4.275	4.722	5.168
51.0	2.511	2.750	2.990	3.259	3.564	3.908	4.301	4.751	5.200
51.1	2.526	2.767	3.008	3.280	3.586	3.933	4.328	4.780	5.233
51.2	2.542	2.784	3.027	3.300	3.608	3.957	4.355	4.810	5.265
51.3	2.558	2.802	3.046	3.320	3.630	3.982	4.382	4.840	5.298
51.4	2.573	2.819	3.065	3.341	3.653	4.006	4.409	4.870	5.331
51.5	2.589	2.836	3.084	3.362	3.675	4.031	4.437	4.901	5.365
51.6	2.605	2.854	3.103	3.382	3.698	4.056	4.464	4.931	5.398
51.7	2.621	2.872	3.122	3.403	3.721	4.082	4.492	4.962	5.432
51.8	2.638	2.889	3.141	3.425	3.744	4.107	4.520	4.993	5.466
51.9	2.654	2.907	3.161	3.446	3.768	4.133	4.548	5.024	5.500
52.0	2.670	2.925	3.180	3.467	3.791	4.158	4.577	5.056	5.535
52.1	2.687	2.944	3.200	3.489	3.815	4.184	4.605	5.087	5.569
52.2	2.704	2.962	3.220	3.511	3.838	4.210	4.634	5.119	5.604
52.3	2.720	2.980	3.240	3.532	3.862	4.237	4.663	5.151	5.639
52.4	2.737	2.999	3.260	3.554	3.886	4.263	4.692	5.183	5.674
52.5	2.754	3.017	3.280	3.576	3.910	4.290	4.721	5.216	5.710
52.6	2.771	3.036	3.301	3.598	3.935	4.316	4.751	5.248	5.746
52.7	2.788	3.055	3.321	3.621	3.959	4.343	4.780	5.281	5.782
52.8	2.805	3.073	3.342	3.643	3.984	4.370	4.810	5.314	5.818
52.9	2.823	3.092	3.362	3.666	4.008	4.397	4.840	5.347	5.854
53.0	2.840	3.112	3.383	3.688	4.033	4.424	4.870	5.380	5.890
53.1	2.857	3.131	3.404	3.711	4.058	4.452	4.900	5.413	5.927
53.2	2.875	3.150	3.425	3.734	4.083	4.479	4.930	5.447	5.964
53.3	2.893	3.169	3.446	3.757	4.108	4.507	4.961	5.481	6.001
53.4	2.910	3.189	3.467	3.780	4.134	4.535	4.992	5.515	6.038
53.5	2.928	3.208	3.488	3.803	4.159	4.563	5.022	5.549	6.075
53.6	2.946	3.228	3.510	3.827	4.185	4.591	5.053	5.583	6.113
53.7	2.964	3.248	3.531	3.850	4.210	4.619	5.084	5.617	6.150
53.8	2.982	3.267	3.553	3.873	4.236	4.647	5.115	5.652	6.188
53.9	3.000	3.287	3.574	3.897	4.262	4.675	5.147	5.686	6.226
54.0	3.018	3.307	3.596	3.921	4.288	4.704	5.178	5.721	6.264
54.1	3.036	3.327	3.617	3.944	4.314	4.732	5.209	5.756	6.302
54.2	3.054	3.347	3.639	3.968	4.340	4.761	5.241	5.791	6.340
54.3	3.073	3.367	3.661	3.992	4.366	4.789	5.272	5.826	6.379
54.4	3.091	3.387	3.683	4.016	4.392	4.818	5.304	5.861	6.417
54.5	3.109	3.407	3.705	4.040	4.418	4.847	5.336	5.896	6.456
54.6	3.128	3.427	3.727	4.064	4.444	4.876	5.368	5.931	6.494
54.7	3.146	3.447	3.749	4.088	4.470	4.905	5.400	5.966	6.533
54.8	3.165	3.468	3.771	4.112	4.497	4.934	5.432	6.002	6.572
54.9	3.183	3.488	3.793	4.136	4.523	4.963	5.464	6.037	6.610
55.0	3.202	3.508	3.815	4.160	4.550	4.992	5.496	6.073	6.650
55.1	3.220	3.529	3.837	4.184	4.576	5.021	5.528	6.108	6.689
55.2	3.239	3.549	3.859	4.209	4.603	5.050	5.560	6.144	6.728
55.3	3.258	3.570	3.882	4.233	4.630	5.079	5.592	6.180	6.767
55.4	3.276	3.590	3.904	4.257	4.656	5.109	5.624	6.215	6.806
55.5	3.295	3.611	3.926	4.281	4.683	5.138	5.657	6.251	6.845
55.6	3.313	3.631	3.949	4.306	4.709	5.167	5.689	6.287	6.884
55.7	3.332	3.652	3.971	4.330	4.736	5.197	5.721	6.323	6.924
55.8	3.351	3.672	3.993	4.355	4.763	5.226	5.754	6.358	6.963
55.9	3.370	3.693	4.016	4.379	4.790	5.255	5.786	6.394	7.002
56.0	3.388	3.713	4.038	4.403	4.816	5.285	5.818	6.430	7.041
56.1	3.407	3.734	4.060	4.428	4.843	5.314	5.851	6.466	7.081
56.2	3.426	3.754	4.083	4.452	4.870	5.343	5.883	6.502	7.120
56.3	3.444	3.775	4.105	4.477	4.896	5.373	5.916	6.537	7.159
56.4	3.463	3.795	4.127	4.501	4.923	5.402	5.948	6.573	7.199
56.5	3.482	3.816	4.150	4.526	4.950	5.432	5.980	6.609	7.238
56.6	3.501	3.836	4.172	4.550	4.977	5.461	6.013	6.645	7.277
56.7	3.519	3.857	4.194	4.574	5.003	5.490	6.045	6.681	7.317
56.8	3.538	3.878	4.217	4.599	5.030	5.520	6.078	6.717	7.356
56.9	3.557	3.898	4.239	4.623	5.057	5.549	6.110	6.753	7.395
57.0	3.576	3.919	4.262	4.648	5.084	5.579	6.143	6.789	7.435
57.1	3.594	3.939	4.284	4.672	5.110	5.608	6.175	6.824	7.474
57.2	3.613	3.960	4.306	4.696	5.137	5.637	6.207	6.860	7.513
57.3	3.632	3.980	4.329	4.721	5.164	5.667	6.240	6.896	7.552
57.4	3.650	4.001	4.351	4.745	5.191	5.696	6.272	6.932	7.592
57.5	3.669	4.021	4.373	4.770	5.217	5.725	6.304	6.968	7.631
57.6	3.688	4.042	4.396	4.794	5.244	5.755	6.337	7.003	7.670
57.7	3.706	4.062	4.418	4.818	5.271	5.784	6.369	7.039	7.709
57.8	3.725	4.083	4.440	4.843	5.297	5.813	6.401	7.075	7.749
57.9	3.744	4.103	4.463	4.867	5.324	5.843	6.434	7.111	7.788
58.0	3.763	4.124	4.485	4.891	5.351	5.872	6.466	7.146	7.827
58.1	3.781	4.144	4.507	4.916	5.377	5.901	6.498	7.182	7.866
58.2	3.800	4.165	4.529	4.940	5.404	5.930	6.530	7.218	7.905
58.3	3.818	4.185	4.552	4.964	5.430	5.959	6.562	7.253	7.944
58.4	3.837	4.205	4.574	4.988	5.457	5.988	6.594	7.289	7.983
58.5	3.856	4.226	4.596	5.013	5.483	6.018	6.626	7.324	8.022
58.6	3.874	4.246	4.618	5.037	5.510	6.047	6.659	7.360	8.061
58.7	3.893	4.266	4.640	5.061	5.536	6.076	6.690	7.395	8.099
58.8	3.911	4.287	4.662	5.085	5.562	6.104	6.722	7.430	8.138
58.9	3.929	4.307	4.684	5.109	5.589	6.133	6.754	7.465	8.177
59.0	3.948	4.327	4.706	5.133	5.615	6.162	6.786	7.500	8.215
59.1	3.966	4.347	4.728	5.157	5.641	6.191	6.818	7.535	8.253
59.2	3.985	4.367	4.750	5.181	5.667	6.220	6.849	7.571	8.292
59.3	4.003	4.387	4.772	5.205	5.694	6.248	6.881	7.605	8.330
59.4	4.021	4.407	4.794	5.228	5.720	6.277	6.912	7.640	8.368
59.5	4.039	4.427	4.815	5.252	5.745	6.305	6.944	7.675	8.406
59.6	4.057	4.447	4.837	5.276	5.771	6.334	6.975	7.710	8.444
59.7	4.076	4.467	4.859	5.299	5.797	6.362	7.006	7.744	8.482
59.8	4.094	4.487	4.880	5.323	5.823	6.390	7.037	7.779	8.520
59.9	4.112	4.507	4.902	5.346	5.848	6.418	7.068	7.813	8.557
60.0	4.130	4.527	4.923	5.370	5.874	6.447	7.099	7.847	8.595
60.1	4.148	4.546	4.945	5.393	5.900	6.475	7.130	7.881	8.632
60.2	4.165	4.566	4.966	5.416	5.925	6.503	7.161	7.915	8.670
60.3	4.183	4.585	4.987	5.440	5.951	6.531	7.192	7.950	8.707
60.4	4.201	4.605	5.009	5.463	5.976	6.559	7.223	7.983	8.744
60.5	4.219	4.624	5.030	5.486	6.001	6.586	7.253	8.017	8.781
60.6	4.237	4.644	5.051	5.509	6.027	6.614	7.284	8.051	8.818
60.7	4.254	4.663	5.072	5.532	6.052	6.642	7.314	8.085	8.855
60.8	4.272	4.683	5.093	5.555	6.077	6.669	7.344	8.118	8.892
60.9	4.290	4.702	5.114	5.578	6.102	6.697	7.375	8.152	8.929
61.0	4.307	4.721	5.135	5.601	6.127	6.724	7.405	8.185	8.965
61.1	4.325	4.740	5.156	5.624	6.152	6.752	7.435	8.218	9.002
61.2	4.343	4.760	5.177	5.646	6.177	6.779	7.465	8.251	9.038
61.3	4.360	4.779	5.198	5.669	6.202	6.806	7.495	8.285	9.074
61.4	4.377	4.798	5.218	5.692	6.226	6.833	7.525	8.318	9.110
61.5	4.395	4.817	5.239	5.714	6.251	6.860	7.555	8.351	9.146
61.6	4.412	4.836	5.260	5.737	6.276	6.887	7.585	8.384	9.182
61.7	4.429	4.855	5.280	5.759	6.300	6.914	7.614	8.416	9.218
61.8	4.447	4.874	5.301	5.782	6.325	6.941	7.644	8.449	9.254
61.9	4.464	4.893	5.322	5.804	6.349	6.968	7.673	8.482	9.290
62.0	4.481	4.912	5.342	5.826	6.374	6.995	7.703	8.514	9.325
62.1	4.498	4.930	5.362	5.849	6.398	7.022	7.732	8.547	9.361
62.2	4.516	4.949	5.383	5.871	6.422	7.048	7.762	8.579	9.396
62.3	4.533	4.968	5.403	5.893	6.447	7.075	7.791	8.611	9.431
62.4	4.550	4.987	5.423	5.915	6.471	7.101	7.820	8.643	9.467
62.5	4.567	5.005	5.444	5.937	6.495	7.128	7.849	8.675	9.502
62.6	4.584	5.024	5.464	5.959	6.519	7.154	7.878	8.707	9.537
62.7	4.600	5.042	5.484	5.981	6.543	7.180	7.907	8.739	9.572
62.8	4.617	5.061	5.504	6.003	6.567	7.206	7.936	8.771	9.607
62.9	4.634	5.079	5.524	6.025	6.591	7.233	7.964	8.803	9.641
63.0	4.651	5.098	5.544	6.047	6.614	7.259	7.993	8.834	9.676
63.1	4.668	5.116	5.564	6.068	6.638	7.285	8.022	8.866	9.711
63.2	4.685	5.134	5.584	6.090	6.662	7.311	8.050	8.898	9.745
63.3	4.701	5.153	5.604	6.112	6.686	7.337	8.079	8.929	9.779
63.4	4.718	5.171	5.624	6.133	6.709	7.363	8.107	8.960	9.814
63.5	4.735	5.189	5.644	6.155	6.733	7.388	8.136	8.992	9.848
63.6	4.751	5.207	5.663	6.177	6.756	7.414	8.164	9.023	9.882
63.7	4.768	5.225	5.683	6.198	6.780	7.440	8.192	9.054	9.916
63.8	4.785	5.244	5.703	6.220	6.803	7.466	8.221	9.085	9.950
63.9	4.801	5.262	5.722	6.241	6.827	7.491	8.249	9.117	9.985
64.0	4.818	5.280	5.742	6.262	6.850	7.517	8.277	9.148	10.018
64.1	4.834	5.298	5.762	6.284	6.873	7.542	8.305	9.178	10.052
64.2	4.851	5.316	5.781	6.305	6.897	7.568	8.333	9.210	10.086
64.3	4.867	5.334	5.801	6.326	6.920	7.593	8.361	9.240	10.120
64.4	4.884	5.352	5.820	6.348	6.943	7.619	8.389	9.271	10.153
64.5	4.900	5.370	5.840	6.369	6.966	7.644	8.417	9.302	10.187
64.6	4.916	5.388	5.859	6.390	6.989	7.669	8.444	9.332	10.220
64.7	4.933	5.406	5.879	6.411	7.012	7.695	8.472	9.363	10.253
64.8	4.949	5.424	5.898	6.432	7.035	7.720	8.500	9.393	10.287
64.9	4.965	5.441	5.917	6.453	7.058	7.745	8.527	9.424	10.320
65.0	4.982	5.459	5.937	6.474	7.081	7.770	8.555	9.454	10.353
65.1	4.998	5.477	5.956	6.495	7.104	7.795	8.582	9.484	10.386
65.2	5.014	5.495	5.975	6.516	7.127	7.820	8.610	9.514	10.419
65.3	5.030	5.512	5.994	6.537	7.150	7.845	8.637	9.545	10.452
65.4	5.046	5.530	6.014	6.558	7.172	7.870	8.665	9.575	10.485
65.5	5.062	5.547	6.033	6.578	7.195	7.895	8.692	9.605	10.518
65.6	5.078	5.565	6.052	6.599	7.218	7.919	8.719	9.635	10.550
65.7	5.095	5.583	6.071	6.620	7.240	7.944	8.746	9.664	10.583
65.8	5.111	5.600	6.090	6.640	7.263	7.969	8.773	9.694	10.615
65.9	5.127	5.618	6.109	6.661	7.285	7.993	8.800	9.724	10.648
66.0	5.143	5.635	6.128	6.682	7.308	8.018	8.827	9.753	10.680
66.1	5.158	5.652	6.146	6.702	7.330	8.042	8.854	9.783	10.712
66.2	5.174	5.670	6.165	6.723	7.352	8.067	8.881	9.813	10.745
66.3	5.190	5.687	6.184	6.743	7.374	8.091	8.907	9.842	10.777
66.4	5.206	5.704	6.203	6.763	7.397	8.115	8.934	9.871	10.809
66.5	5.222	5.721	6.221	6.784	7.419	8.139	8.960	9.901	10.841
66.6	5.237	5.739	6.240	6.804	7.441	8.164	8.987	9.930	10.873
66.7	5.253	5.756	6.259	6.824	7.463	8.188	9.013	9.959	10.904
66.8	5.269	5.773	6.277	6.844	7.485	8.212	9.040	9.988	10.936
66.9	5.284	5.790	6.296	6.864	7.507	8.236	9.066	10.017	10.967
67.0	5.300	5.807	6.314	6.885	7.529	8.260	9.092	10.046	10.999
67.1	5.316	5.824	6.333	6.905	7.551	8.283	9.118	10.074	11.031
67.2	5.331	5.841	6.351	6.925	7.572	8.307	9.144	10.103	11.062
67.3	5.347	5.858	6.369	6.945	7.594	8.331	9.171	10.132	11.093
67.4	5.362	5.875	6.388	6.964	7.616	8.355	9.196	10.160	11.124
67.5	5.377	5.892	6.406	6.984	7.638	8.378	9.222	10.189	11.155
67.6	5.393	5.908	6.424	7.004	7.659	8.402	9.248	10.217	11.186
67.7	5.408	5.925	6.442	7.024	7.681	8.425	9.274	10.246	11.217
67.8	5.423	5.942	6.460	7.043	7.702	8.449	9.300	10.274	11.248
67.9	5.439	5.959	6.479	7.063	7.723	8.472	9.325	10.302	11.278
68.0	5.454	5.975	6.497	7.083	7.745	8.496	9.351	10.330	11.309
68.1	5.469	5.992	6.515	7.102	7.766	8.519	9.376	10.358	11.340
68.2	5.485	6.009	6.533	7.122	7.787	8.542	9.402	10.386	11.370
68.3	5.500	6.025	6.550	7.141	7.809	8.565	9.427	10.414	11.401
68.4	5.515	6.042	6.568	7.161	7.830	8.588	9.453	10.442	11.431
68.5	5.530	6.058	6.586	7.180	7.851	8.611	9.478	10.470	11.462
68.6	5.545	6.075	6.604	7.200	7.872	8.635	9.503	10.498	11.492
68.7	5.560	6.091	6.622	7.219	7.893	8.657	9.528	10.525	11.522
68.8	5.575	6.107	6.640	7.238	7.914	8.680	9.553	10.553	11.552
68.9	5.590	6.124	6.657	7.257	7.935	8.703	9.578	10.580	11.582
69.0	5.605	6.140	6.675	7.277	7.956	8.726	9.603	10.608	11.612
69.1	5.620	6.156	6.693	7.296	7.977	8.749	9.628	10.635	11.642
69.2	5.635	6.173	6.710	7.315	7.998	8.772	9.653	10.663	11.672
69.3	5.650	6.189	6.728	7.334	8.018	8.794	9.678	10.690	11.702
69.4	5.665	6.205	6.745	7.353	8.039	8.817	9.703	10.717	11.731
69.5	5.680	6.221	6.763	7.372	8.060	8.840	9.728	10.745	11.761
69.6	5.695	6.238	6.781	7.391	8.081	8.862	9.753	10.771	11.790
69.7	5.709	6.254	6.798	7.410	8.101	8.885	9.777	10.798	11.820
69.8	5.724	6.270	6.815	7.429	8.122	8.907	9.802	10.826	11.849
69.9	5.739	6.286	6.833	7.448	8.142	8.930	9.826	10.853	11.879
70.0	5.753	6.302	6.850	7.467	8.163	8.952	9.851	10.880	11.908
70.1	5.768	6.318	6.868	7.486	8.184	8.975	9.876	10.907	11.938
70.2	5.783	6.334	6.885	7.504	8.204	8.997	9.900	10.933	11.967
70.3	5.798	6.350	6.902	7.523	8.224	9.019	9.924	10.960	11.996
70.4	5.812	6.366	6.919	7.542	8.245	9.041	9.949	10.987	12.025
70.5	5.827	6.382	6.937	7.561	8.265	9.064	9.973	11.014	12.054
70.6	5.841	6.398	6.954	7.579	8.286	9.086	9.997	11.040	12.083
70.7	5.856	6.414	6.971	7.598	8.306	9.108	10.021	11.067	12.112
70.8	5.871	6.429	6.988	7.617	8.326	9.130	10.046	11.093	12.141
70.9	5.885	6.445	7.006	7.635	8.346	9.152	10.070	11.120	12.170
71.0	5.900	6.461	7.023	7.654	8.367	9.174	10.094	11.147	12.199
71.1	5.914	6.477	7.040	7.673	8.387	9.197	10.118	11.173	12.228
71.2	5.929	6.493	7.057	7.691	8.407	9.219	10.142	11.199	12.257
71.3	5.943	6.509	7.074	7.710	8.427	9.241	10.167	11.226	12.285
71.4	5.958	6.524	7.091	7.728	8.447	9.263	10.191	11.252	12.314
71.5	5.972	6.540	7.108	7.747	8.468	9.285	10.215	11.279	12.343
71.6	5.987	6.556	7.125	7.765	8.488	9.306	10.239	11.305	12.371
71.7	6.001	6.572	7.142	7.784	8.508	9.328	10.263	11.331	12.400
71.8	6.016	6.587	7.159	7.802	8.528	9.350	10.286	11.358	12.429
71.9	6.030	6.603	7.176	7.821	8.548	9.372	10.311	11.384	12.457
72.0	6.044	6.619	7.193	7.839	8.568	9.394	10.334	11.410	12.486
72.1	6.059	6.635	7.210	7.857	8.588	9.416	10.358	11.436	12.514
72.2	6.073	6.650	7.227	7.876	8.608	9.437	10.382	11.462	12.543
72.3	6.087	6.666	7.244	7.894	8.628	9.459	10.406	11.488	12.571
72.4	6.102	6.681	7.261	7.912	8.648	9.481	10.429	11.514	12.600
72.5	6.116	6.697	7.278	7.931	8.667	9.502	10.453	11.540	12.627
72.6	6.130	6.712	7.294	7.949	8.687	9.524	10.477	11.566	12.656
72.7	6.144	6.728	7.311	7.967	8.707	9.546	10.500	11.592	12.684
72.8	6.159	6.743	7.328	7.985	8.727	9.567	10.524	11.618	12.712
72.9	6.173	6.759	7.345	8.003	8.746	9.588	10.547	11.643	12.740
73.0	6.187	6.774	7.361	8.021	8.766	9.610	10.571	11.669	12.768
73.1	6.201	6.790	7.378	8.039	8.786	9.631	10.594	11.695	12.796
73.2	6.215	6.805	7.395	8.057	8.805	9.653	10.617	11.720	12.823
73.3	6.229	6.820	7.411	8.075	8.825	9.674	10.640	11.746	12.851
73.4	6.243	6.836	7.428	8.093	8.844	9.695	10.664	11.771	12.879
73.5	6.257	6.851	7.444	8.111	8.864	9.716	10.687	11.797	12.907
73.6	6.272	6.866	7.461	8.129	8.883	9.737	10.710	11.822	12.934
73.7	6.285	6.881	7.477	8.147	8.902	9.759	10.733	11.847	12.961
73.8	6.299	6.896	7.493	8.165	8.922	9.780	10.756	11.872	12.989
73.9	6.313	6.911	7.510	8.182	8.941	9.801	10.779	11.898	13.016
74.0	6.327	6.927	7.526	8.200	8.960	9.821	10.801	11.922	13.043
74.1	6.341	6.942	7.542	8.217	8.979	9.842	10.824	11.947	13.070
74.2	6.354	6.957	7.559	8.235	8.998	9.863	10.847	11.972	13.097
74.3	6.368	6.972	7.575	8.253	9.017	9.884	10.869	11.997	13.124
74.4	6.382	6.986	7.591	8.270	9.036	9.904	10.892	12.022	13.151
74.5	6.396	7.001	7.607	8.287	9.055	9.925	10.915	12.046	13.178
74.6	6.409	7.016	7.623	8.305	9.074	9.945	10.937	12.071	13.205
74.7	6.423	7.031	7.639	8.322	9.093	9.966	10.959	12.095	13.231
74.8	6.436	7.046	7.655	8.339	9.112	9.986	10.982	12.120	13.258
74.9	6.450	7.060	7.671	8.357	9.130	10.007	11.004	12.144	13.284
75.0	6.464	7.075	7.687	8.374	9.149	10.027	11.026	12.168	13.310
75.1	6.477	7.090	7.702	8.391	9.168	10.047	11.048	12.193	13.337
75.2	6.490	7.104	7.718	8.408	9.186	10.068	11.070	12.217	13.363
75.3	6.504	7.119	7.734	8.425	9.205	10.088	11.092	12.241	13.389
75.4	6.517	7.134	7.750	8.442	9.223	10.108	11.114	12.265	13.416
75.5	6.531	7.148	7.766	8.459	9.242	10.128	11.136	12.289	13.442
75.6	6.544	7.163	7.781	8.476	9.260	10.148	11.158	12.313	13.467
75.7	6.557	7.177	7.797	8.493	9.279	10.168	11.180	12.337	13.494
75.8	6.571	7.192	7.812	8.510	9.297	10.188	11.202	12.361	13.520
75.9	6.584	7.206	7.828	8.527	9.315	10.208	11.224	12.385	13.545
76.0	6.597	7.221	7.844	8.544	9.334	10.228	11.246	12.408	13.571
76.1	6.610	7.235	7.859	8.561	9.352	10.248	11.267	12.432	13.597
76.2	6.624	7.249	7.875	8.578	9.370	10.268	11.289	12.456	13.623
76.3	6.637	7.264	7.890	8.595	9.389	10.288	11.311	12.480	13.649
76.4	6.650	7.278	7.906	8.611	9.407	10.308	11.333	12.504	13.675
76.5	6.664	7.293	7.922	8.628	9.425	10.328	11.354	12.527	13.700
76.6	6.677	7.307	7.937	8.645	9.444	10.348	11.376	12.551	13.726
76.7	6.690	7.321	7.953	8.662	9.462	10.367	11.398	12.575	13.752
76.8	6.703	7.336	7.968	8.679	9.480	10.387	11.419	12.598	13.778
76.9	6.717	7.350	7.984	8.696	9.498	10.407	11.441	12.622	13.804
77.0	6.730	7.365	7.999	8.712	9.517	10.427	11.463	12.646	13.830
77.1	6.743	7.379	8.015	8.730	9.535	10.447	11.484	12.670	13.855
77.2	6.756	7.394	8.031	8.746	9.553	10.467	11.506	12.694	13.881
77.3	6.770	7.408	8.046	8.763	9.572	10.487	11.528	12.718	13.907
77.4	6.783	7.423	8.062	8.780	9.590	10.507	11.550	12.741	13.933
77.5	6.797	7.437	8.078	8.797	9.609	10.527	11.572	12.765	13.959
77.6	6.810	7.452	8.094	8.814	9.627	10.547	11.594	12.790	13.985
77.7	6.824	7.466	8.109	8.831	9.646	10.567	11.616	12.813	14.011
77.8	6.837	7.481	8.125	8.849	9.664	10.588	11.638	12.838	14.037
77.9	6.851	7.496	8.141	8.866	9.683	10.608	11.660	12.861	14.063
78.0	6.864	7.511	8.157	8.883	9.702	10.628	11.682	12.886	14.090
78.1	6.878	7.525	8.173	8.900	9.720	10.649	11.704	12.910	14.116
78.2	6.891	7.540	8.189	8.917	9.739	10.669	11.727	12.935	14.143
78.3	6.905	7.555	8.205	8.935	9.758	10.689	11.749	12.959	14.169
78.4	6.919	7.570	8.221	8.952	9.777	10.710	11.771	12.984	14.196
78.5	6.932	7.585	8.237	8.970	9.796	10.731	11.794	13.008	14.223
78.6	6.946	7.600	8.253	8.987	9.815	10.751	11.816	13.033	14.249
78.7	6.960	7.615	8.270	9.005	9.834	10.772	11.839	13.058	14.276
78.8	6.974	7.630	8.286	9.023	9.853	10.793	11.862	13.083	14.304
78.9	6.988	7.645	8.302	9.040	9.872	10.814	11.884	13.107	14.330
79.0	7.002	7.660	8.319	9.058	9.892	10.835	11.907	13.132	14.358
79.1	7.016	7.676	8.335	9.076	9.911	10.856	11.930	13.158	14.385
79.2	7.030	7.691	8.352	9.094	9.930	10.877	11.954	13.183	14.413
79.3	7.044	7.706	8.368	9.112	9.950	10.898	11.977	13.208	14.440
79.4	7.058	7.722	8.385	9.130	9.970	10.920	12.000	13.234	14.468
79.5	7.073	7.737	8.402	9.148	9.989	10.941	12.023	13.260	14.496
79.6	7.087	7.753	8.419	9.166	10.009	10.963	12.047	13.285	14.524
79.7	7.102	7.769	8.436	9.185	10.029	10.984	12.070	13.311	14.551
79.8	7.116	7.784	8.453	9.203	10.049	11.006	12.094	13.337	14.580
79.9	7.131	7.800	8.470	9.222	10.069	11.028	12.118	13.363	14.608
80.0	7.145	7.816	8.487	9.240	10.089	11.050	12.142	13.389	14.637
80.1	7.160	7.832	8.504	9.259	10.109	11.072	12.166	13.416	14.666
80.2	7.175	7.848	8.522	9.278	10.130	11.094	12.190	13.442	14.694
80.3	7.189	7.864	8.539	9.297	10.150	11.116	12.215	13.469	14.723
80.4	7.204	7.880	8.556	9.315	10.171	11.139	12.239	13.496	14.752
80.5	7.219	7.897	8.574	9.335	10.192	11.161	12.264	13.523	14.782
80.6	7.234	7.913	8.592	9.354	10.212	11.184	12.289	13.550	14.811
80.7	7.249	7.929	8.609	9.373	10.233	11.207	12.313	13.577	14.841
80.8	7.265	7.946	8.627	9.392	10.254	11.230	12.338	13.604	14.870
80.9	7.280	7.963	8.645	9.412	10.275	11.253	12.363	13.632	14.900
81.0	7.295	7.979	8.663	9.431	10.296	11.276	12.388	13.659	14.930
81.1	7.311	7.996	8.681	9.451	10.318	11.299	12.414	13.687	14.960
81.2	7.326	8.013	8.700	9.471	10.339	11.322	12.439	13.715	14.991
81.3	7.342	8.030	8.718	9.490	10.361	11.346	12.465	13.743	15.021
81.4	7.357	8.047	8.736	9.510	10.382	11.369	12.491	13.771	15.052
81.5	7.373	8.064	8.755	9.530	10.404	11.393	12.517	13.800	15.083
81.6	7.388	8.081	8.773	9.550	10.426	11.417	12.542	13.828	15.113
81.7	7.404	8.098	8.792	9.570	10.448	11.440	12.569	13.857	15.145
81.8	7.420	8.115	8.810	9.591	10.470	11.464	12.595	13.885	15.176
81.9	7.436	8.133	8.829	9.611	10.492	11.488	12.621	13.914	15.207
82.0	7.452	8.150	8.848	9.631	10.514	11.513	12.647	13.943	15.239
82.1	7.468	8.167	8.867	9.652	10.536	11.537	12.674	13.972	15.270
82.2	7.484	8.185	8.886	9.672	10.559	11.561	12.701	14.001	15.302
82.3	7.500	8.203	8.905	9.693	10.581	11.586	12.727	14.031	15.334
82.4	7.516	8.220	8.924	9.714	10.604	11.611	12.755	14.061	15.367
82.5	7.533	8.238	8.943	9.735	10.626	11.635	12.781	14.090	15.399
82.6	7.549	8.256	8.962	9.756	10.649	11.660	12.809	14.120	15.431
82.7	7.566	8.274	8.982	9.777	10.672	11.685	12.836	14.150	15.463
82.8	7.582	8.292	9.001	9.798	10.695	11.710	12.863	14.180	15.496
82.9	7.599	8.310	9.021	9.819	10.718	11.735	12.890	14.210	15.529
83.0	7.615	8.328	9.040	9.840	10.741	11.760	12.918	14.240	15.562
83.1	7.632	8.346	9.060	9.861	10.764	11.785	12.946	14.270	15.595
83.2	7.649	8.364	9.080	9.883	10.787	11.811	12.974	14.301	15.628
83.3	7.666	8.383	9.100	9.904	10.811	11.836	13.001	14.331	15.661
83.4	7.682	8.401	9.119	9.926	10.834	11.862	13.030	14.363	15.695
83.5	7.699	8.419	9.139	9.947	10.858	11.888	13.058	14.393	15.729
83.6	7.716	8.438	9.159	9.969	10.881	11.913	13.086	14.424	15.762
83.7	7.733	8.456	9.179	9.991	10.905	11.939	13.114	14.455	15.797
83.8	7.750	8.475	9.199	10.013	10.929	11.965	13.143	14.486	15.830
83.9	7.767	8.493	9.220	10.035	10.953	11.991	13.171	14.518	15.864
84.0	7.784	8.512	9.240	10.057	10.977	12.017	13.200	14.549	15.899
84.1	7.802	8.531	9.260	10.079	11.001	12.044	13.228	14.581	15.933
84.2	7.819	8.550	9.281	10.101	11.025	12.070	13.257	14.613	15.968
84.3	7.836	8.569	9.301	10.123	11.049	12.096	13.286	14.644	16.002
84.4	7.853	8.587	9.321	10.145	11.073	12.123	13.315	14.676	16.037
84.5	7.871	8.606	9.342	10.167	11.097	12.149	13.344	14.708	16.072
84.6	7.888	8.625	9.363	10.190	11.122	12.176	13.373	14.740	16.107
84.7	7.906	8.644	9.383	10.212	11.146	12.203	13.402	14.772	16.142
84.8	7.923	8.663	9.404	10.235	11.171	12.229	13.432	14.805	16.177
84.9	7.940	8.682	9.425	10.257	11.195	12.256	13.461	14.837	16.213
85.0	7.958	8.702	9.445	10.280	11.220	12.283	13.491	14.869	16.248
85.1	7.976	8.721	9.466	10.302	11.244	12.310	13.520	14.902	16.283
85.2	7.993	8.740	9.487	10.325	11.269	12.337	13.550	14.934	16.318
85.3	8.011	8.760	9.508	10.348	11.294	12.364	13.580	14.967	16.354
85.4	8.029	8.779	9.529	10.371	11.319	12.391	13.609	15.000	16.390
85.5	8.046	8.798	9.550	10.393	11.344	12.418	13.639	15.033	16.426
85.6	8.064	8.818	9.571	10.416	11.368	12.445	13.669	15.065	16.461
85.7	8.082	8.837	9.592	10.439	11.393	12.473	13.699	15.098	16.497
85.8	8.100	8.856	9.613	10.462	11.418	12.500	13.729	15.131	16.534
85.9	8.117	8.876	9.634	10.485	11.443	12.527	13.759	15.164	16.570
86.0	8.135	8.895	9.655	10.508	11.468	12.555	13.789	15.197	16.605
86.1	8.153	8.915	9.676	10.531	11.494	12.582	13.819	15.230	16.642
86.2	8.171	8.934	9.697	10.554	11.519	12.610	13.849	15.264	16.678
86.3	8.189	8.954	9.719	10.577	11.544	12.637	13.879	15.297	16.714
86.4	8.207	8.973	9.740	10.600	11.569	12.665	13.910	15.330	16.751
86.5	8.225	8.993	9.761	10.623	11.594	12.692	13.940	15.363	16.787
86.6	8.242	9.012	9.782	10.646	11.619	12.720	13.970	15.397	16.824
86.7	8.260	9.032	9.803	10.669	11.644	12.747	14.000	15.430	16.860
86.8	8.278	9.051	9.825	10.692	11.670	12.775	14.031	15.464	16.897
86.9	8.296	9.071	9.846	10.715	11.695	12.803	14.061	15.497	16.933
87.0	8.314	9.091	9.867	10.739	11.720	12.830	14.091	15.531	16.970
87.1	8.332	9.110	9.888	10.762	11.745	12.858	14.122	15.564	17.006
87.2	8.350	9.130	9.910	10.785	11.770	12.885	14.152	15.597	17.043
87.3	8.368	9.149	9.931	10.808	11.796	12.913	14.182	15.631	17.079
87.4	8.386	9.169	9.952	10.831	11.821	12.941	14.213	15.664	17.116
87.5	8.403	9.188	9.973	10.854	11.846	12.968	14.243	15.698	17.152
87.6	8.421	9.208	9.994	10.877	11.871	12.996	14.273	15.731	17.189
87.7	8.439	9.227	10.015	10.900	11.896	13.024	14.304	15.765	17.226
87.8	8.457	9.247	10.037	10.923	11.922	13.051	14.334	15.798	17.262
87.9	8.475	9.266	10.058	10.946	11.947	13.079	14.364	15.832	17.299
88.0	8.492	9.286	10.079	10.969	11.972	13.106	14.395	15.865	17.335
88.1	8.510	9.305	10.100	10.992	11.997	13.134	14.425	15.899	17.372
88.2	8.528	9.324	10.121	11.015	12.022	13.161	14.455	15.932	17.409
88.3	8.546	9.344	10.142	11.038	12.047	13.189	14.485	15.965	17.445
88.4	8.563	9.363	10.163	11.061	12.072	13.216	14.516	15.999	17.482
88.5	8.581	9.383	10.184	11.084	12.098	13.244	14.546	16.032	17.519
88.6	8.599	9.402	10.205	11.107	12.123	13.271	14.576	16.066	17.555
88.7	8.616	9.421	10.226	11.130	12.148	13.299	14.607	16.099	17.592
88.8	8.634	9.441	10.247	11.153	12.173	13.326	14.637	16.133	17.628
88.9	8.651	9.460	10.268	11.176	12.198	13.354	14.667	16.166	17.665
89.0	8.669	9.479	10.289	11.199	12.223	13.381	14.697	16.200	17.702
89.1	8.686	9.498	10.310	11.221	12.248	13.409	14.728	16.233	17.739
89.2	8.704	9.518	10.331	11.244	12.273	13.436	14.758	16.266	17.775
89.3	8.722	9.537	10.352	11.267	12.298	13.464	14.788	16.300	17.812
89.4	8.739	9.556	10.373	11.290	12.323	13.491	14.818	16.333	17.848
89.5	8.757	9.575	10.394	11.313	12.348	13.518	14.848	16.367	17.885
89.6	8.774	9.595	10.415	11.336	12.373	13.546	14.879	16.400	17.921
89.7	8.792	9.614	10.436	11.358	12.398	13.573	14.909	16.433	17.958
89.8	8.809	9.633	10.457	11.381	12.422	13.600	14.939	16.466	17.994
89.9	8.827	9.652	10.477	11.404	12.447	13.628	14.969	16.500	18.031
90.0	8.844	9.671	10.498	11.427	12.472	13.655	14.999	16.533	18.068
90.1	8.862	9.690	10.519	11.449	12.497	13.682	15.029	16.566	18.103
90.2	8.879	9.709	10.540	11.472	12.522	13.710	15.059	16.600	18.140
90.3	8.896	9.728	10.561	11.495	12.547	13.737	15.090	16.633	18.177
90.4	8.913	9.747	10.581	11.517	12.572	13.765	15.120	16.667	18.214
90.5	8.931	9.767	10.602	11.540	12.596	13.792	15.150	16.700	18.250
90.6	8.948	9.786	10.623	11.563	12.621	13.819	15.180	16.733	18.287
90.7	8.966	9.805	10.644	11.585	12.646	13.846	15.210	16.767	18.323
90.8	8.983	9.824	10.664	11.608	12.671	13.874	15.240	16.800	18.360
90.9	9.000	9.843	10.685	11.631	12.696	13.901	15.270	16.833	18.396
91.0	9.018	9.862	10.706	11.653	12.720	13.928	15.300	16.866	18.433
91.1	9.035	9.881	10.726	11.676	12.745	13.955	15.330	16.900	18.469
91.2	9.052	9.900	10.747	11.698	12.770	13.983	15.360	16.933	18.506
91.3	9.069	9.918	10.768	11.721	12.795	14.010	15.390	16.967	18.543
91.4	9.087	9.937	10.788	11.743	12.820	14.037	15.421	17.000	18.580
91.5	9.104	9.956	10.809	11.766	12.844	14.064	15.451	17.033	18.616
91.6	9.121	9.975	10.830	11.789	12.869	14.092	15.481	17.067	18.653
91.7	9.138	9.994	10.850	11.811	12.894	14.119	15.511	17.100	18.690
91.8	9.155	10.013	10.871	11.834	12.919	14.146	15.541	17.134	18.726
91.9	9.173	10.032	10.892	11.856	12.943	14.173	15.571	17.167	18.763
92.0	9.190	10.051	10.912	11.879	12.968	14.201	15.601	17.200	18.800
92.1	9.207	10.070	10.933	11.901	12.993	14.228	15.631	17.234	18.836
92.2	9.224	10.089	10.953	11.924	13.018	14.255	15.662	17.267	18.873
92.3	9.241	10.108	10.974	11.947	13.042	14.282	15.692	17.301	18.910
92.4	9.259	10.127	10.995	11.969	13.067	14.310	15.722	17.334	18.947
92.5	9.276	10.146	11.015	11.992	13.092	14.337	15.752	17.368	18.983
92.6	9.293	10.164	11.036	12.014	13.117	14.364	15.782	17.402	19.021
92.7	9.310	10.183	11.056	12.037	13.142	14.392	15.813	17.435	19.058
92.8	9.327	10.202	11.077	12.059	13.166	14.419	15.843	17.469	19.094
92.9	9.344	10.221	11.098	12.082	13.191	14.446	15.873	17.502	19.131
93.0	9.361	10.240	11.118	12.104	13.216	14.473	15.903	17.535	19.168
93.1	9.378	10.258	11.139	12.127	13.241	14.501	15.934	17.569	19.205
93.2	9.396	10.277	11.159	12.149	13.265	14.528	15.964	17.603	19.242
93.3	9.413	10.296	11.180	12.172	13.290	14.556	15.994	17.636	19.279
93.4	9.430	10.315	11.201	12.195	13.315	14.583	16.025	17.671	19.317
93.5	9.447	10.334	11.221	12.217	13.340	14.610	16.055	17.704	19.354
93.6	9.464	10.353	11.242	12.240	13.365	14.638	16.085	17.738	19.391
93.7	9.481	10.372	11.262	12.262	13.390	14.665	16.116	17.772	19.428
93.8	9.498	10.391	11.283	12.285	13.414	14.693	16.146	17.806	19.465
93.9	9.515	10.409	11.304	12.308	13.439	14.720	16.177	17.840	19.503
94.0	9.532	10.428	11.324	12.330	13.464	14.748	16.207	17.873	19.540
94.1	9.550	10.447	11.345	12.353	13.489	14.775	16.237	17.907	19.577
94.2	9.567	10.466	11.366	12.376	13.514	14.803	16.268	17.942	19.615
94.3	9.584	10.485	11.386	12.398	13.539	14.830	16.298	17.975	19.652
94.4	9.601	10.504	11.407	12.421	13.564	14.858	16.329	18.010	19.690
94.5	9.618	10.523	11.428	12.444	13.589	14.886	16.360	18.044	19.727
94.6	9.635	10.542	11.448	12.467	13.614	14.913	16.390	18.078	19.765
94.7	9.652	10.561	11.469	12.489	13.639	14.941	16.421	18.112	19.804
94.8	9.670	10.580	11.490	12.512	13.664	14.969	16.452	18.146	19.841
94.9	9.687	10.599	11.511	12.535	13.690	14.997	16.483	18.181	19.879
95.0	9.704	10.618	11.532	12.558	13.715	15.024	16.513	18.215	19.916
95.1	9.721	10.637	11.552	12.581	13.740	15.052	16.545	18.250	19.955
95.2	9.738	10.656	11.573	12.603	13.765	15.080	16.576	18.284	19.993
95.3	9.756	10.675	11.594	12.626	13.790	15.108	16.606	18.318	20.030
95.4	9.773	10.694	11.615	12.649	13.816	15.136	16.637	18.353	20.069
95.5	9.790	10.713	11.636	12.672	13.841	15.164	16.669	18.388	20.107
95.6	9.807	10.732	11.657	12.695	13.866	15.192	16.700	18.423	20.146
95.7	9.825	10.751	11.678	12.718	13.891	15.220	16.731	18.457	20.184
95.8	9.842	10.770	11.699	12.741	13.917	15.248	16.762	18.492	20.222
95.9	9.859	10.789	11.719	12.764	13.942	15.276	16.793	18.527	20.261
96.0	9.877	10.809	11.740	12.787	13.968	15.304	16.825	18.562	20.300
96.1	9.894	10.828	11.761	12.810	13.993	15.333	16.856	18.597	20.338
96.2	9.912	10.847	11.783	12.833	14.019	15.361	16.887	18.632	20.376
96.3	9.929	10.866	11.804	12.857	14.044	15.389	16.919	18.667	20.415
96.4	9.946	10.885	11.825	12.880	14.070	15.417	16.950	18.702	20.454
96.5	9.964	10.905	11.846	12.903	14.095	15.446	16.982	18.737	20.493
96.6	9.981	10.924	11.867	12.926	14.121	15.474	17.013	18.773	20.532
96.7	9.998	10.943	11.888	12.949	14.147	15.502	17.045	18.808	20.571
96.8	10.016	10.963	11.909	12.973	14.172	15.531	17.077	18.844	20.611
96.9	10.033	10.982	11.930	12.996	14.198	15.560	17.109	18.879	20.650
97.0	10.051	11.001	11.952	13.019	14.224	15.588	17.140	18.915	20.689
97.1	10.068	11.021	11.973	13.043	14.250	15.617	17.172	18.950	20.729
97.2	10.086	11.040	11.994	13.066	14.276	15.646	17.204	18.986	20.768
97.3	10.103	11.059	12.015	13.090	14.302	15.674	17.236	19.022	20.808
97.4	10.121	11.079	12.037	13.113	14.328	15.703	17.268	19.058	20.847
97.5	10.139	11.099	12.058	13.137	14.354	15.732	17.300	19.094	20.887
97.6	10.156	11.118	12.080	13.161	14.380	15.761	17.333	19.130	20.927
97.7	10.174	11.137	12.101	13.184	14.406	15.790	17.365	19.166	20.967
97.8	10.191	11.157	12.123	13.208	14.432	15.819	17.398	19.203	21.007
97.9	10.209	11.177	12.144	13.232	14.458	15.848	17.430	19.239	21.048
98.0	10.227	11.197	12.166	13.256	14.485	15.878	17.463	19.275	21.088
98.1	10.245	11.216	12.188	13.279	14.511	15.907	17.495	19.312	21.128
98.2	10.262	11.236	12.209	13.303	14.538	15.936	17.528	19.349	21.169
98.3	10.280	11.256	12.231	13.327	14.564	15.966	17.561	19.385	21.210
98.4	10.298	11.276	12.253	13.351	14.591	15.995	17.594	19.422	21.250
98.5	10.316	11.295	12.275	13.375	14.617	16.025	17.627	19.459	21.292
98.6	10.334	11.315	12.297	13.400	14.644	16.055	17.660	19.496	21.333
98.7	10.352	11.336	12.319	13.424	14.671	16.084	17.693	19.533	21.374
98.8	10.370	11.355	12.341	13.448	14.698	16.114	17.727	19.571	21.416
98.9	10.388	11.376	12.363	13.472	14.725	16.144	17.760	19.608	21.457
99.0	10.407	11.396	12.385	13.497	14.752	16.174	17.793	19.646	21.498
99.1	10.425	11.416	12.407	13.521	14.779	16.204	17.827	19.684	21.540
99.2	10.443	11.436	12.429	13.546	14.806	16.235	17.861	19.721	21.582
99.3	10.461	11.456	12.452	13.570	14.833	16.265	17.895	19.760	21.624
99.4	10.480	11.477	12.474	13.595	14.861	16.295	17.929	19.797	21.666
99.5	10.498	11.497	12.496	13.620	14.888	16.326	17.963	19.836	21.709
99.6	10.516	11.518	12.519	13.645	14.916	16.356	17.997	19.874	21.751
99.7	10.535	11.538	12.542	13.670	14.943	16.387	18.031	19.913	21.794
99.8	10.554	11.559	12.564	13.695	14.971	16.418	18.066	19.951	21.837
99.9	10.572	11.579	12.587	13.720	14.999	16.449	18.100	19.990	21.880
100.0	10.591	11.600	12.610	13.745	15.027	16.480	18.135	20.028	21.922
100.1	10.609	11.621	12.633	13.770	15.055	16.511	18.170	20.068	21.966
100.2	10.628	11.642	12.655	13.796	15.083	16.542	18.205	20.107	22.010
100.3	10.647	11.663	12.679	13.821	15.111	16.573	18.239	20.146	22.053
100.4	10.666	11.684	12.702	13.846	15.139	16.605	18.275	20.186	22.097
100.5	10.684	11.705	12.725	13.872	15.168	16.637	18.310	20.226	22.141
100.6	10.704	11.726	12.748	13.898	15.196	16.668	18.345	20.265	22.185
100.7	10.723	11.747	12.771	13.924	15.225	16.700	18.381	20.305	22.229
100.8	10.742	11.768	12.795	13.949	15.253	16.732	18.417	20.345	22.274
100.9	10.761	11.790	12.818	13.975	15.282	16.764	18.452	20.385	22.318
101.0	10.780	11.811	12.842	14.001	15.311	16.796	18.488	20.426	22.363
101.1	10.799	11.832	12.865	14.027	15.340	16.828	18.524	20.466	22.408
101.2	10.818	11.854	12.889	14.053	15.369	16.861	18.561	20.507	22.453
101.3	10.838	11.875	12.913	14.080	15.398	16.893	18.597	20.548	22.499
101.4	10.858	11.897	12.937	14.106	15.427	16.926	18.633	20.588	22.544
101.5	10.877	11.919	12.960	14.133	15.456	16.958	18.670	20.630	22.589
101.6	10.896	11.940	12.984	14.159	15.486	16.991	18.706	20.671	22.635
101.7	10.916	11.962	13.008	14.186	15.515	17.024	18.743	20.712	22.682
101.8	10.936	11.984	13.033	14.212	15.545	17.057	18.780	20.754	22.728
101.9	10.955	12.006	13.057	14.239	15.575	17.090	18.817	20.796	22.774
102.0	10.975	12.028	13.081	14.266	15.605	17.123	18.855	20.838	22.821
102.1	10.995	12.050	13.105	14.293	15.634	17.157	18.892	20.880	22.868
102.2	11.015	12.072	13.130	14.320	15.665	17.190	18.930	20.922	22.915
102.3	11.035	12.095	13.155	14.347	15.695	17.224	18.967	20.964	22.961
102.4	11.055	12.117	13.179	14.374	15.725	17.258	19.005	21.006	23.008
102.5	11.075	12.140	13.204	14.402	15.755	17.291	19.043	21.049	23.055
102.6	11.096	12.162	13.229	14.429	15.786	17.325	19.081	21.092	23.103
102.7	11.115	12.184	13.253	14.457	15.816	17.360	19.119	21.136	23.152
102.8	11.136	12.207	13.278	14.484	15.847	17.394	19.157	21.179	23.200
102.9	11.156	12.230	13.303	14.512	15.878	17.428	19.196	21.222	23.248
103.0	11.177	12.253	13.329	14.540	15.909	17.463	19.235	21.265	23.296
103.1	11.197	12.275	13.354	14.568	15.940	17.497	19.273	21.309	23.344
103.2	11.218	12.298	13.379	14.596	15.971	17.532	19.312	21.352	23.393
103.3	11.238	12.321	13.404	14.624	16.002	17.567	19.351	21.396	23.442
103.4	11.259	12.344	13.430	14.652	16.033	17.601	19.390	21.440	23.491
103.5	11.280	12.367	13.455	14.680	16.064	17.636	19.429	21.484	23.539
103.6	11.301	12.391	13.481	14.708	16.096	17.671	19.469	21.529	23.589
103.7	11.321	12.414	13.506	14.737	16.128	17.707	19.508	21.574	23.639
103.8	11.342	12.437	13.532	14.765	16.159	17.742	19.548	21.618	23.689
103.9	11.363	12.460	13.558	14.794	16.191	17.778	19.588	21.663	23.738
104.0	11.384	12.484	13.584	14.822	16.223	17.813	19.628	21.708	23.788
104.1	11.405	12.507	13.610	14.851	16.255	17.849	19.668	21.754	23.839
104.2	11.426	12.531	13.636	14.880	16.287	17.885	19.708	21.799	23.889
104.3	11.447	12.555	13.662	14.909	16.319	17.921	19.748	21.844	23.940
104.4	11.469	12.578	13.688	14.938	16.351	17.957	19.789	21.889	23.990
104.5	11.490	12.602	13.714	14.967	16.384	17.993	19.829	21.935	24.042
104.6	11.511	12.626	13.741	14.996	16.416	18.029	19.870	21.981	24.092
104.7	11.533	12.650	13.767	15.026	16.449	18.066	19.911	22.027	24.143
104.8	11.554	12.674	13.793	15.055	16.481	18.102	19.952	22.074	24.196
104.9	11.576	12.698	13.820	15.084	16.514	18.139	19.993	22.120	24.247
105.0	11.597	12.722	13.847	15.114	16.547	18.175	20.034	22.166	24.298
105.1	11.619	12.746	13.873	15.143	16.580	18.212	20.076	22.213	24.351
105.2	11.641	12.770	13.900	15.173	16.613	18.249	20.117	22.260	24.403
105.3	11.663	12.795	13.927	15.203	16.646	18.286	20.158	22.306	24.454
105.4	11.684	12.819	13.954	15.233	16.680	18.323	20.200	22.354	24.508
105.5	11.706	12.844	13.981	15.263	16.713	18.361	20.242	22.401	24.560
105.6	11.728	12.868	14.008	15.293	16.746	18.398	20.284	22.449	24.613
105.7	11.750	12.893	14.035	15.323	16.780	18.436	20.326	22.496	24.666
105.8	11.772	12.917	14.063	15.353	16.814	18.474	20.369	22.544	24.720
105.9	11.794	12.942	14.090	15.384	16.848	18.511	20.411	22.592	24.773
106.0	11.816	12.967	14.117	15.414	16.881	18.549	20.454	22.641	24.827
106.1	11.839	12.992	14.145	15.445	16.915	18.587	20.497	22.688	24.880
106.2	11.861	13.017	14.173	15.475	16.950	18.626	20.540	22.737	24.935
106.3	11.884	13.042	14.200	15.506	16.984	18.664	20.583	22.786	24.988
106.4	11.906	13.067	14.228	15.537	17.018	18.702	20.626	22.835	25.043
106.5	11.929	13.092	14.256	15.568	17.053	18.741	20.669	22.883	25.097
106.6	11.951	13.117	14.284	15.599	17.087	18.780	20.713	22.933	25.153
106.7	11.974	13.143	14.312	15.630	17.122	18.818	20.756	22.982	25.207
106.8	11.997	13.168	14.340	15.661	17.157	18.858	20.800	23.032	25.263
106.9	12.019	13.194	14.368	15.693	17.192	18.897	20.845	23.082	25.319
107.0	12.042	13.220	14.397	15.724	17.227	18.936	20.888	23.131	25.374
107.1	12.065	13.245	14.425	15.756	17.262	18.975	20.933	23.181	25.430
107.2	12.089	13.271	14.454	15.787	17.297	19.015	20.977	23.231	25.485
107.3	12.111	13.297	14.482	15.819	17.333	19.054	21.022	23.282	25.542
107.4	12.135	13.323	14.511	15.851	17.368	19.094	21.067	23.333	25.599
107.5	12.158	13.349	14.540	15.883	17.404	19.134	21.111	23.383	25.654
107.6	12.181	13.375	14.569	15.915	17.440	19.174	21.157	23.434	25.712
107.7	12.204	13.401	14.598	15.947	17.476	19.214	21.202	23.485	25.769
107.8	12.228	13.427	14.627	15.979	17.512	19.254	21.247	23.536	25.825
107.9	12.252	13.454	14.656	16.012	17.548	19.295	21.292	23.588	25.883
108.0	12.275	13.480	14.685	16.044	17.584	19.336	21.338	23.640	25.941
108.1	12.299	13.507	14.715	16.077	17.620	19.376	21.384	23.691	25.998
108.2	12.323	13.533	14.744	16.110	17.657	19.417	21.430	23.743	26.057
108.3	12.346	13.560	14.773	16.142	17.693	19.458	21.476	23.796	26.115
108.4	12.370	13.586	14.803	16.175	17.730	19.499	21.523	23.848	26.174
108.5	12.394	13.614	14.833	16.208	17.767	19.540	21.569	23.900	26.232
108.6	12.418	13.640	14.863	16.241	17.804	19.582	21.615	23.953	26.291
108.7	12.442	13.667	14.892	16.275	17.841	19.623	21.662	24.006	26.350
108.8	12.466	13.694	14.922	16.308	17.878	19.665	21.709	24.059	26.409
108.9	12.491	13.722	14.953	16.341	17.915	19.707	21.756	24.112	26.468
109.0	12.515	13.749	14.983	16.375	17.953	19.749	21.803	24.166	26.528
109.1	12.540	13.776	15.013	16.408	17.990	19.791	21.851	24.219	26.588
109.2	12.564	13.803	15.043	16.442	18.028	19.833	21.898	24.273	26.648
109.3	12.588	13.831	15.073	16.476	18.065	19.875	21.946	24.327	26.709
109.4	12.613	13.859	15.104	16.510	18.103	19.918	21.993	24.381	26.768
109.5	12.638	13.886	15.135	16.544	18.141	19.960	22.041	24.435	26.829
109.6	12.662	13.914	15.165	16.578	18.179	20.003	22.089	24.489	26.890
109.7	12.687	13.942	15.196	16.612	18.217	20.046	22.138	24.544	26.951
109.8	12.712	13.969	15.227	16.646	18.256	20.088	22.186	24.599	27.012
109.9	12.737	13.998	15.258	16.681	18.294	20.131	22.234	24.653	27.072
110.0	12.762	14.025	15.289	16.715	18.332	20.174	22.283	24.708	27.134
